#year	age	cn	cw	sw	mat	ssbw
1980	0	33101	57	15	0	15
1981	0	56682	60	15	0	15
1982	0	11180	53	15	0	15
1983	0	7333	50	15	0	15
1984	0	287287	31	15	0	15
1985	0	81799	55	15	0	15
1986	0	49983	39	15	0	15
1987	0	7403	76	15	0	15
1988	0	57644	55	15	0	15
1989	0	65400	49	15	0	15
1990	0	24246	85	15	0	15
1991	0	10007	68	15	0	15
1992	0	43447	51	15	0	15
1993	0	19354	61	15	0	15
1994	0	25368	46	15	0	15
1995	0	14759	72	15	0	15
1996	0	37956	58	15	0	15
1997	0	36012	76	15	0	15
1998	0	61127	65	15	0	15
1999	0	67003	62	15	0	15
2000	0	36345	63	15	0	15
2001	0	26034	69	15	0	15
2002	0	70409	52	15	0	15
2003	0	14744	81	15	0	15
2004	0	11553	67	15	0	15
2005	0	12426	48	15	0	15
2006	0	75651	38	15	0	15
2007	0	19302	89	15	0	15
2008	0	25886	51	15	0	15
2009	0	17615	104	15	0	15
2010	0	23453	48	15	0	15
2011	0	30429	29	15	0	15
2012	0	23872	89	15	0	15
2013	0	11325	91	15	0	15
2014	0	62100	43	15	0	15
2015	0	6732	51	15	0	15
2016	0	716	35	15	0	15
2017	0	28306	18	15	0	15
1980	1	411327	131	125	0.093	125
1981	1	276229	132	123	0.097	123
1982	1	213936	131	122	0.097	122
1983	1	47914	168	122	0.098	122
1984	1	31901	102	119	0.103	119
1985	1	268960	144	123	0.103	123
1986	1	58126	146	115	0.103	115
1987	1	40126	179	76	0.103	76
1988	1	152656	133	111	0.103	111
1989	1	64263	136	114	0.103	114
1990	1	140534	156	96	0.103	96
1991	1	58459	156	174	0.103	174
1992	1	83583	167	130	0.103	130
1993	1	128144	134	145	0.103	145
1994	1	147315	136	114	0.103	114
1995	1	81529	143	116	0.103	116
1996	1	119852	143	97	0.103	97
1997	1	144390	143	84	0.097	84
1998	1	99352	157	83	0.097	83
1999	1	73597	176	87	0.097	87
2000	1	102407	135	93	0.104	93
2001	1	40315	172	113	0.104	113
2002	1	222577	160	109	0.104	109
2003	1	187997	170	112	0.107	112
2004	1	31421	156	112	0.107	112
2005	1	46840	151	106	0.107	106
2006	1	149425	71	108	0.095	108
2007	1	88439	120	83	0.095	83
2008	1	59899	105	133	0.095	133
2009	1	36514	153	107	0.096	107
2010	1	78605	118	96	0.096	96
2011	1	62708	113	80	0.096	80
2012	1	66196	123	89	0.094	89
2013	1	47020	173	76	0.092	76
2014	1	43173	127	107	0.092	107
2015	1	104019	154	78	0.104	78
2016	1	45199	158	59	0.103	59
2017	1	43458	178	58	0.101	58
1980	2	393025	249	205	0.521	205
1981	2	502365	248	179	0.497	179
1982	2	432867	249	159	0.498	159
1983	2	668909	219	179	0.485	179
1984	2	86064	184	204	0.467	204
1985	2	20893	262	244	0.516	244
1986	2	424563	245	184	0.522	184
1987	2	156670	223	157	0.352	157
1988	2	137635	259	181	0.36	181
1989	2	312739	237	162	0.372	162
1990	2	209848	233	166	0.392	166
1991	2	212521	253	184	0.435	184
1992	2	156292	239	201	0.52	201
1993	2	210319	240	190	0.534	190
1994	2	221489	255	163	0.621	163
1995	2	340898	234	201	0.599	201
1996	2	168882	226	185	0.586	185
1997	2	186481	230	196	0.621	196
1998	2	229767	227	172	0.688	172
1999	2	132994	235	210	0.669	210
2000	2	142898	227	194	0.692	194
2001	2	158943	224	190	0.675	190
2002	2	70041	256	206	0.71	206
2003	2	275661	267	181	0.69	181
2004	2	453133	263	158	0.761	158
2005	2	135648	268	140	0.616	140
2006	2	173646	197	164	0.589	164
2007	2	190857	215	149	0.546	149
2008	2	167748	222	160	0.524	160
2009	2	113574	213	162	0.541	162
2010	2	137101	221	161	0.667	161
2011	2	115346	231	175	0.655	175
2012	2	200167	187	155	0.604	155
2013	2	235411	234	144	0.683	144
2014	2	137788	232	165	0.675	165
2015	2	124411	242	207	0.763	207
2016	2	203753	240	184	0.755	184
2017	2	87739	266	204	0.749	204
1980	3	64549	285	287	0.872	287
1981	3	231814	287	258	0.837	258
1982	3	472457	285	217	0.857	217
1983	3	433744	276	233	0.863	233
1984	3	682491	295	251	0.853	251
1985	3	58346	357	281	0.885	281
1986	3	38387	335	269	0.926	269
1987	3	663378	318	234	0.922	234
1988	3	190403	323	238	0.901	238
1989	3	207689	320	230	0.915	230
1990	3	410751	336	247	0.909	247
1991	3	206421	327	243	0.912	243
1992	3	356209	333	260	0.928	260
1993	3	266677	317	266	0.934	266
1994	3	306979	339	240	0.938	240
1995	3	340215	333	278	0.931	278
1996	3	333365	313	250	0.936	250
1997	3	238426	295	257	0.88	257
1998	3	264566	310	248	0.886	248
1999	3	223639	306	260	0.876	260
2000	3	275376	306	253	0.909	253
2001	3	234186	305	246	0.909	246
2002	3	367902	307	245	0.937	245
2003	3	91075	336	251	0.94	251
2004	3	529753	323	258	0.962	258
2005	3	668588	306	221	0.959	221
2006	3	159455	307	236	0.928	236
2007	3	220575	292	206	0.921	206
2008	3	399086	292	207	0.917	207
2009	3	455113	283	214	0.919	214
2010	3	303928	291	201	0.93	201
2011	3	322725	282	223	0.927	223
2012	3	214043	285	216	0.926	216
2013	3	399751	277	179	0.921	179
2014	3	669949	282	199	0.916	199
2015	3	248852	294	247	0.944	247
2016	3	257293	297	239	0.941	239
2017	3	458301	312	237	0.936	237
1980	4	328206	345	322	0.949	322
1981	4	32814	344	312	0.934	312
1982	4	184581	345	300	0.93	300
1983	4	373262	310	282	0.94	282
1984	4	387582	326	293	0.938	293
1985	4	445357	418	308	0.94	308
1986	4	76545	423	301	0.983	301
1987	4	56680	399	318	0.994	318
1988	4	538394	388	298	0.989	298
1989	4	167588	377	272	0.994	272
1990	4	208146	379	290	0.996	290
1991	4	375451	394	303	0.991	303
1992	4	266591	397	308	0.996	308
1993	4	398240	376	323	0.996	323
1994	4	267420	390	306	0.994	306
1995	4	275031	390	327	0.993	327
1996	4	279182	377	322	1	322
1997	4	378881	359	310	0.993	310
1998	4	323186	354	299	0.994	299
1999	4	261778	361	317	0.989	317
2000	4	390858	363	301	0.989	301
2001	4	297206	376	303	0.987	303
2002	4	350163	368	288	0.992	288
2003	4	295777	385	277	0.988	277
2004	4	147973	400	318	0.993	318
2005	4	293579	366	328	0.993	328
2006	4	470063	357	291	0.994	291
2007	4	215655	372	288	0.994	288
2008	4	284660	370	260	0.999	260
2009	4	616963	331	268	0.999	268
2010	4	739221	331	249	0.999	249
2011	4	469953	334	274	0.999	274
2012	4	415884	340	255	0.999	255
2013	4	370551	336	249	0.998	249
2014	4	829399	324	238	0.999	238
2015	4	579835	320	254	0.998	254
2016	4	424843	329	283	0.998	283
2017	4	351779	356	278	0.998	278
1980	5	254172	378	356	0.972	356
1981	5	184867	377	335	0.976	335
1982	5	26544	378	368	0.969	368
1983	5	126533	386	341	0.972	341
1984	5	251503	344	326	0.966	326
1985	5	252217	417	336	0.966	336
1986	5	364119	471	350	0.965	350
1987	5	89003	474	368	0.997	368
1988	5	72914	456	348	0.994	348
1989	5	362469	433	338	0.996	338
1990	5	156742	423	332	0.998	332
1991	5	188623	423	347	0.996	347
1992	5	306143	460	360	0.997	360
1993	5	244285	436	359	0.997	359
1994	5	301346	448	368	0.997	368
1995	5	186855	452	385	0.994	385
1996	5	177667	425	372	1	372
1997	5	246781	415	356	0.998	356
1998	5	361945	408	348	0.999	348
1999	5	281041	404	356	0.999	356
2000	5	295516	427	357	0.998	357
2001	5	309937	424	342	0.998	342
2002	5	262716	424	333	1	333
2003	5	235052	438	341	1	341
2004	5	258177	419	355	0.999	355
2005	5	120538	434	378	0.999	378
2006	5	195594	428	333	1	333
2007	5	455131	408	330	1	330
2008	5	260314	418	346	0.999	346
2009	5	319465	389	295	1	295
2010	5	611729	365	297	1	297
2011	5	654395	368	332	1	332
2012	5	456404	375	288	0.999	288
2013	5	442597	360	281	1	281
2014	5	564508	362	291	1	291
2015	5	646894	351	288	0.999	288
2016	5	589549	356	299	0.999	299
2017	5	396862	377	308	1	308
1980	6	142978	454	377	0.984	377
1981	6	173349	454	376	0.984	376
1982	6	138970	454	362	0.987	362
1983	6	20175	425	416	0.999	416
1984	6	98063	431	395	1	395
1985	6	165219	436	356	1	356
1986	6	208021	444	350	1	350
1987	6	244570	512	414	1	414
1988	6	87323	524	392	1	392
1989	6	48696	456	392	1	392
1990	6	254015	467	383	1	383
1991	6	129145	469	392	0.996	392
1992	6	156070	495	397	0.994	397
1993	6	255472	483	410	0.994	410
1994	6	184925	512	418	0.993	418
1995	6	197856	501	432	0.987	432
1996	6	96303	484	425	0.994	425
1997	6	135059	453	401	0.999	401
1998	6	207619	452	383	0.999	383
1999	6	244212	452	392	0.999	392
2000	6	241550	463	394	0.999	394
2001	6	231804	474	398	0.999	398
2002	6	237066	461	360	1	360
2003	6	183036	477	401	1	401
2004	6	145899	485	406	1	406
2005	6	121477	440	403	1	403
2006	6	97061	479	400	1	400
2007	6	203492	456	362	1	362
2008	6	255675	444	354	1	354
2009	6	224848	424	351	1	351
2010	6	284788	418	342	0.999	342
2011	6	488713	411	369	0.999	369
2012	6	511270	401	312	0.999	312
2013	6	429324	386	318	0.999	318
2014	6	549985	395	321	0.999	321
2015	6	450344	392	336	1	336
2016	6	532890	383	336	1	336
2017	6	503601	397	308	1	308
1980	7	145385	498	402	0.99	402
1981	7	116328	499	415	0.987	415
1982	7	112476	496	411	0.985	411
1983	7	90151	435	404	0.984	404
1984	7	22086	542	430	0.975	430
1985	7	62363	521	407	0.976	407
1986	7	126174	457	374	1	374
1987	7	150588	493	415	1	415
1988	7	201021	555	445	1	445
1989	7	58116	543	388	1	388
1990	7	42549	528	435	1	435
1991	7	197888	506	423	1	423
1992	7	113899	532	419	1	419
1993	7	149932	527	432	1	432
1994	7	189847	543	459	0.999	459
1995	7	142342	539	458	0.999	458
1996	7	119831	518	446	0.999	446
1997	7	84378	481	460	1	460
1998	7	118388	462	409	1	409
1999	7	159019	500	424	1	424
2000	7	175608	501	416	1	416
2001	7	195250	496	417	0.999	417
2002	7	151320	512	418	1	418
2003	7	133595	522	407	0.999	407
2004	7	89856	519	449	0.999	449
2005	7	63612	496	464	0.999	464
2006	7	73510	494	413	1	413
2007	7	77859	512	451	1	451
2008	7	124382	497	393	1	393
2009	7	194326	450	386	1	386
2010	7	143039	471	389	1	389
2011	7	244210	451	389	1	389
2012	7	323835	431	360	1	360
2013	7	336701	406	341	1	341
2014	7	503300	422	341	0.999	341
2015	7	415107	420	350	0.999	350
2016	7	340155	411	364	0.999	364
2017	7	431014	415	338	0.999	338
1980	8	54778	520	434	1	434
1981	8	125548	513	431	0.999	431
1982	8	89672	513	456	0.999	456
1983	8	72031	498	438	0.999	438
1984	8	61813	480	455	0.999	455
1985	8	19562	555	455	0.999	455
1986	8	42569	543	434	0.991	434
1987	8	85863	498	431	0.992	431
1988	8	122496	555	442	0.991	442
1989	8	111251	592	449	0.993	449
1990	8	49698	552	447	0.995	447
1991	8	51077	554	492	1	492
1992	8	138458	555	458	1	458
1993	8	97746	548	459	1	459
1994	8	106108	590	480	1	480
1995	8	113413	577	491	1	491
1996	8	55812	551	471	1	471
1997	8	66504	524	473	0.994	473
1998	8	72745	518	455	0.995	455
1999	8	86739	536	456	0.996	456
2000	8	106291	534	438	0.997	438
2001	8	120241	540	451	0.997	451
2002	8	118870	536	429	1	429
2003	8	94168	572	489	1	489
2004	8	65669	554	482	1	482
2005	8	38763	539	481	1	481
2006	8	33399	543	437	1	437
2007	8	59652	534	452	1	452
2008	8	57297	551	448	1	448
2009	8	73171	497	437	1	437
2010	8	102072	487	411	1	411
2011	8	113012	494	430	1	430
2012	8	142948	469	390	1	390
2013	8	188910	431	374	1	374
2014	8	339538	444	387	1	387
2015	8	355997	443	381	1	381
2016	8	269962	438	382	1	382
2017	8	261959	444	377	1	377
1980	9	130771	542	438	1	438
1981	9	41186	543	454	1	454
1982	9	88726	541	455	1	455
1983	9	48668	545	475	1	475
1984	9	47925	569	489	1	489
1985	9	47560	564	447	1	447
1986	9	13533	591	428	1	428
1987	9	34795	580	483	1	483
1988	9	55913	562	466	1	466
1989	9	68240	578	432	1	432
1990	9	85447	606	494	1	494
1991	9	43415	609	500	1	500
1992	9	51208	597	487	1	487
1993	9	121400	583	480	1	480
1994	9	80054	583	496	1	496
1995	9	69191	594	511	1	511
1996	9	59801	576	513	1	513
1997	9	39450	553	505	1	505
1998	9	47353	550	475	1	475
1999	9	50613	569	489	1	489
2000	9	52394	567	464	1	464
2001	9	72205	577	484	1	484
2002	9	79945	580	458	1	458
2003	9	75701	612	490	1	490
2004	9	40443	573	506	1	506
2005	9	23947	556	547	1	547
2006	9	18961	584	455	1	455
2007	9	30494	573	508	1	508
2008	9	32343	571	452	1	452
2009	9	29738	538	461	1	461
2010	9	45841	515	442	1	442
2011	9	53363	540	452	1	452
2012	9	69551	503	453	1	453
2013	9	112765	454	414	1	414
2014	9	141344	468	416	1	416
2015	9	205691	465	412	1	412
2016	9	170373	453	403	1	403
2017	9	188950	466	394	1	394
1980	10	39920	574	484	1	484
1981	10	146186	573	450	1	450
1982	10	27552	574	473	1	473
1983	10	49252	606	467	1	467
1984	10	37482	628	507	1	507
1985	10	37607	629	519	1	519
1986	10	32786	552	467	1	467
1987	10	19658	634	487	1	487
1988	10	20710	613	506	1	506
1989	10	32228	581	429	1	429
1990	10	33041	606	473	1	473
1991	10	70839	630	546	1	546
1992	10	36612	651	513	1	513
1993	10	38794	595	515	1	515
1994	10	57622	627	550	1	550
1995	10	42441	606	517	1	517
1996	10	25803	596	508	1	508
1997	10	26735	577	511	1	511
1998	10	24386	573	530	1	530
1999	10	30363	586	508	1	508
2000	10	31280	586	489	1	489
2001	10	42529	603	521	1	521
2002	10	43789	600	511	1	511
2003	10	45951	631	488	1	488
2004	10	35654	595	519	1	519
2005	10	18612	583	538	1	538
2006	10	13987	625	469	1	469
2007	10	16039	571	527	1	527
2008	10	19482	620	478	1	478
2009	10	14989	586	517	1	517
2010	10	21222	573	491	1	491
2011	10	25046	580	495	1	495
2012	10	30619	537	498	1	498
2013	10	45938	472	441	1	441
2014	10	63614	482	466	1	466
2015	10	107685	489	447	1	447
2016	10	94778	479	427	1	427
2017	10	138143	484	426	1	426
1980	11	56210	590	520	1	520
1981	11	31639	576	524	1	524
1982	11	91743	574	536	1	536
1983	11	19745	608	544	1	544
1984	11	30105	636	513	1	513
1985	11	26965	679	538	1	538
1986	11	22971	694	506	1	506
1987	11	25747	635	492	1	492
1988	11	13178	624	567	1	567
1989	11	13904	648	482	1	482
1990	11	16587	591	495	1	495
1991	11	29743	649	526	1	526
1992	11	40956	663	543	1	543
1993	11	29067	647	547	1	547
1994	11	20407	678	592	1	592
1995	11	37960	631	560	1	560
1996	11	18353	603	538	1	538
1997	11	13950	591	546	1	546
1998	11	16551	591	500	1	500
1999	11	17048	607	545	1	545
2000	11	18918	594	514	1	514
2001	11	20546	611	535	1	535
2002	11	21611	629	523	1	523
2003	11	25797	648	521	1	521
2004	11	16430	630	579	1	579
2005	11	7955	632	509	1	509
2006	11	8334	636	531	1	531
2007	11	11416	585	533	1	533
2008	11	6798	595	487	1	487
2009	11	7470	599	548	1	548
2010	11	6255	604	535	1	535
2011	11	12311	611	518	1	518
2012	11	11603	538	503	1	503
2013	11	18928	493	500	1	500
2014	11	21294	523	472	1	472
2015	11	26939	522	485	1	485
2016	11	33896	499	442	1	442
2017	11	59211	497	430	1	430
1980	12	104927	580	534	1	534
1981	12	199615	584	531	1	531
1982	12	156121	582	544	1	544
1983	12	132040	614	528	1	528
1984	12	69183	663	567	1	567
1985	12	97652	710	591	1	591
1986	12	81153	688	542	1	542
1987	12	63146	718	581	1	581
1988	12	57494	697	594	1	594
1989	12	35814	739	556	1	556
1990	12	27905	713	536	1	536
1991	12	52986	708	615	1	615
1992	12	68205	669	568	1	568
1993	12	68217	679	577	1	577
1994	12	57551	713	604	1	604
1995	12	39753	672	602	1	602
1996	12	30648	670	573	1	573
1997	12	24974	636	585	1	585
1998	12	22932	631	547	1	547
1999	12	32446	687	576	1	576
2000	12	34202	644	551	1	551
2001	12	40706	666	574	1	574
2002	12	40280	665	557	1	557
2003	12	30890	715	540	1	540
2004	12	19509	684	588	1	588
2005	12	10669	655	603	1	603
2006	12	10186	689	566	1	566
2007	12	12801	666	586	1	586
2008	12	9581	662	511	1	511
2009	12	5003	630	559	1	559
2010	12	8523	630	573	1	573
2011	12	10775	664	525	1	525
2012	12	11678	585	557	1	557
2013	12	17857	554	520	1	520
2014	12	13136	583	517	1	517
2015	12	22700	560	549	1	549
2016	12	24420	520	470	1	470
2017	12	51090	531	494	1	494
