#year	age	oC	cW	sW	mat	ssbW
1959	1	0	60	60	0	60
1960	1	0	60	60	0	60
1961	1	0	60	60	0	60
1962	1	0	60	60	0	60
1963	1	0	60	60	0	60
1964	1	0	60	60	0	60
1965	1	0	60	60	0	60
1966	1	0	60	60	0	60
1967	1	0	60	60	0	60
1968	1	0	60	60	0	60
1969	1	0	60	60	0	60
1970	1	0	60	60	0	60
1971	1	0	60	60	0	60
1972	1	0	60	60	0	60
1973	1	0	60	60	0	60
1974	1	0	60	60	0	60
1975	1	0	60	60	0	60
1976	1	0	60	60	0	60
1977	1	0	60	60	0	60
1978	1	0	60	60	0	60
1979	1	0	60	60	0	60
1980	1	0	60	60	0	60
1981	1	0	60	60	0	60
1982	1	0	60	60	0	60
1983	1	0	60	60	0	60
1984	1	0	60	60	0	60
1985	1	0	60	60	0	60
1986	1	0	60	60	0	60
1987	1	0	60	60	0	60
1988	1	0	60	60	0	60
1989	1	0	60	60	0	60
1990	1	0	60	60	0	60
1991	1	0	60	60	0	60
1992	1	0	60	60	0	60
1993	1	0	60	60	0	60
1994	1	0	60	60	0	60
1995	1	0	60	60	0	60
1996	1	0	60	60	0	60
1997	1	0	60	60	0	60
1998	1	0	60	60	0	60
1999	1	0	60	60	0	60
2000	1	0	60	60	0	60
2001	1	0	60	60	0	60
2002	1	0	60	60	0	60
2003	1	0	60	60	0	60
2004	1	0	60	60	0	60
2005	1	0	60	60	0	60
2006	1	0	60	60	0	60
2007	1	0	60	60	0	60
2008	1	0	60	60	0	60
2009	1	0	60	60	0	60
2010	1	0	60	60	0	60
2011	1	0	60	60	0	60
2012	1	0	60	60	0	60
2013	1	0	60	60	0	60
2014	1	0	60	60	0	60
2015	1	0	60	60	0	60
2016	1	0	60	60	0	60
2017	1	0	60	60	0	60
2018	1	0	60	60	0	60
1959	2	2002	850	850	0.18	850
1960	2	4728	1000	1000	0.18	1000
1961	2	3093	1080	1080	0.18	1080
1962	2	4424	1000	1000	0.18	1000
1963	2	4110	1040	1040	0.18	1040
1964	2	2033	970	970	0.18	970
1965	2	852	920	920	0.18	920
1966	2	1337	980	980	0.18	980
1967	2	1609	960	960	0.18	960
1968	2	1529	880	880	0.18	880
1969	2	878	1090	1090	0.18	1090
1970	2	402	960	960	0.18	960
1971	2	328	810	810	0.18	810
1972	2	875	660	660	0.18	660
1973	2	723	1110	1110	0.18	1110
1974	2	2161	1080	1080	0.18	1080
1975	2	2584	790	790	0.18	790
1976	2	1497	940	940	0.18	940
1977	2	425	870	870	0.18	870
1978	2	555	1112	1112	0.18	1112
1979	2	575	897	897	0.18	897
1980	2	1129	927	927	0.18	927
1981	2	646	1080	1080	0.18	1080
1982	2	1139	1230	1230	0.18	1230
1983	2	2149	1338	1338	0.63	1338
1984	2	4396	1195	1195	0.4	1195
1985	2	998	905	905	0	905
1986	2	210	1099	1099	0	1099
1987	2	257	1093	1093	0	1093
1988	2	509	1061	1061	0.17	1061
1989	2	2237	1010	1010	0.05	1010
1990	2	247	945	945	0	945
1991	2	192	779	779	0	779
1992	2	205	989	989	0.06	989
1993	2	120	1155	1155	0.25	1155
1994	2	573	1194	1194	0.72	1194
1995	2	2615	1218	1218	0.17	1218
1996	2	351	1016	1016	0.07	1016
1997	2	200	901	901	0	901
1998	2	455	1004	1004	0	1004
1999	2	1246	1050	1050	0.02	1050
2000	2	2170	1416	1416	0.02	1416
2001	2	3967	1164	1164	0.07	1164
2002	2	2099	1017	1017	0.04	1017
2003	2	697	820	820	0	820
2004	2	98	1037	1037	0	1037
2005	2	504	986	986	0.05	986
2006	2	1110	839	839	0.04	839
2007	2	506	937	937	0	937
2008	2	287	1209	1209	0.1	1209
2009	2	873	805	805	0.09	805
2010	2	2114	1049	1049	0.08	1049
2011	2	328	815	815	0.06	815
2012	2	49	1007	1007	0	1007
2013	2	55	1011	1011	0.24	1011
2014	2	387	1099	1099	0.24	1099
2015	2	154	1198	1198	0.28	1198
2016	2	175	1358	1358	0.21	1358
2017	2	112	1281	1281	0.1	1281
2018	2	936	1318	1318	0.14	1318
1959	3	4239	1730	1730	0.64	1730
1960	3	4027	2030	2030	0.64	2030
1961	3	2686	2220	2220	0.64	2220
1962	3	2500	2270	2270	0.64	2270
1963	3	3958	1940	1940	0.64	1940
1964	3	3021	1830	1830	0.64	1830
1965	3	3230	1450	1450	0.64	1450
1966	3	970	1770	1770	0.64	1770
1967	3	2690	1930	1930	0.64	1930
1968	3	3322	1720	1720	0.64	1720
1969	3	3106	1800	1800	0.64	1800
1970	3	1163	2230	2230	0.64	2230
1971	3	757	1800	1800	0.64	1800
1972	3	1176	1610	1610	0.64	1610
1973	3	3124	2000	2000	0.64	2000
1974	3	1266	2220	2220	0.64	2220
1975	3	5689	1790	1790	0.64	1790
1976	3	4158	1720	1720	0.64	1720
1977	3	3282	1790	1790	0.64	1790
1978	3	1219	1385	1385	0.64	1385
1979	3	1732	1682	1682	0.64	1682
1980	3	2263	1432	1432	0.64	1432
1981	3	4137	1470	1470	0.64	1470
1982	3	1965	1413	1413	0.64	1413
1983	3	5771	1950	1950	0.71	1950
1984	3	5234	1888	1888	0.96	1888
1985	3	9484	1658	1658	0.5	1658
1986	3	3586	1459	1459	0.37	1459
1987	3	1362	1517	1517	0.65	1517
1988	3	2122	1749	1749	0.79	1749
1989	3	2151	1597	1597	0.53	1597
1990	3	2892	1300	1300	0.68	1300
1991	3	451	1271	1271	0.76	1271
1992	3	455	1364	1364	0.4	1364
1993	3	802	1704	1704	0.73	1704
1994	3	788	1843	1843	0.89	1843
1995	3	2716	1986	1986	0.52	1986
1996	3	5164	1737	1737	0.46	1737
1997	3	1278	1341	1341	0.64	1341
1998	3	745	1417	1417	0.62	1417
1999	3	1044	1586	1586	0.43	1586
2000	3	2737	2170	2170	0.39	2170
2001	3	3812	2076	2076	0.47	2076
2002	3	7354	1768	1768	0.37	1768
2003	3	2186	1362	1362	0.29	1362
2004	3	673	1154	1154	0.51	1154
2005	3	604	1373	1373	0.66	1373
2006	3	1097	1304	1304	0.59	1304
2007	3	1226	1324	1324	0.47	1324
2008	3	761	1478	1478	0.78	1478
2009	3	2262	1431	1431	0.61	1431
2010	3	2034	1642	1642	0.61	1642
2011	3	2344	1367	1367	0.51	1367
2012	3	517	1315	1315	0.63	1315
2013	3	173	1527	1527	0.82	1527
2014	3	517	1653	1653	0.73	1653
2015	3	1026	1733	1733	0.48	1733
2016	3	374	1993	1993	0.89	1993
2017	3	281	2162	2162	0.73	2162
2018	3	1034	2211	2211	0.64	2211
1959	4	858	3230	3230	0.87	3230
1960	4	2574	3370	3370	0.87	3370
1961	4	1331	3450	3450	0.87	3450
1962	4	1255	3350	3350	0.87	3350
1963	4	1280	3510	3510	0.87	3510
1964	4	2300	3150	3150	0.87	3150
1965	4	2564	2570	2570	0.87	2570
1966	4	2080	2750	2750	0.87	2750
1967	4	860	3130	3130	0.87	3130
1968	4	2663	3070	3070	0.87	3070
1969	4	3300	2850	2850	0.87	2850
1970	4	2172	2690	2690	0.87	2690
1971	4	821	2980	2980	0.87	2980
1972	4	810	2580	2580	0.87	2580
1973	4	1590	3410	3410	0.87	3410
1974	4	1811	3440	3440	0.87	3440
1975	4	2157	2980	2980	0.87	2980
1976	4	3799	2840	2840	0.87	2840
1977	4	6844	2530	2530	0.87	2530
1978	4	2643	2140	2140	0.87	2140
1979	4	1673	2211	2211	0.87	2211
1980	4	1461	2220	2220	0.87	2220
1981	4	1981	2180	2180	0.87	2180
1982	4	3073	2138	2138	0.87	2138
1983	4	2760	2403	2403	0.93	2403
1984	4	3487	2980	2980	0.98	2980
1985	4	3795	2626	2626	0.96	2626
1986	4	8462	2046	2046	0.93	2046
1987	4	2611	2160	2160	0.91	2160
1988	4	1945	2300	2300	0.91	2300
1989	4	2187	2200	2200	0.97	2200
1990	4	1504	1959	1959	0.91	1959
1991	4	2152	1570	1570	0.96	1570
1992	4	466	1779	1779	0.67	1779
1993	4	603	2421	2421	0.78	2421
1994	4	1062	2613	2613	0.98	2613
1995	4	2008	2622	2622	0.53	2622
1996	4	4608	2745	2745	0.74	2745
1997	4	6710	1958	1958	0.91	1958
1998	4	1558	1802	1802	0.9	1802
1999	4	840	2350	2350	0.88	2350
2000	4	811	3187	3187	0.69	3187
2001	4	2130	3053	3053	0.86	3053
2002	4	3405	2805	2805	0.76	2805
2003	4	4696	2127	2127	0.79	2127
2004	4	1230	1693	1693	0.78	1693
2005	4	896	1760	1760	0.9	1760
2006	4	469	1988	1988	0.8	1988
2007	4	723	1970	1970	0.78	1970
2008	4	783	2104	2104	0.91	2104
2009	4	861	2287	2287	0.81	2287
2010	4	861	2400	2400	0.77	2400
2011	4	1234	2413	2413	0.69	2413
2012	4	1347	1893	1893	0.85	1893
2013	4	333	2528	2528	0.95	2528
2014	4	286	2466	2466	0.98	2466
2015	4	517	2769	2769	0.7	2769
2016	4	702	2752	2752	0.91	2752
2017	4	333	3051	3051	0.98	3051
2018	4	723	3454	3454	0.78	3454
1959	5	1731	4400	4400	0.95	4400
1960	5	513	4420	4420	0.95	4420
1961	5	1066	4690	4690	0.95	4690
1962	5	855	4580	4580	0.95	4580
1963	5	662	4600	4600	0.95	4600
1964	5	630	4330	4330	0.95	4330
1965	5	1416	3780	3780	0.95	3780
1966	5	1339	3510	3510	0.95	3510
1967	5	1706	4040	4040	0.95	4040
1968	5	945	4120	4120	0.95	4120
1969	5	1538	3670	3670	0.95	3670
1970	5	1685	3940	3940	0.95	3940
1971	5	1287	3580	3580	0.95	3580
1972	5	596	3260	3260	0.95	3260
1973	5	707	3890	3890	0.95	3890
1974	5	934	4800	4800	0.95	4800
1975	5	2211	4260	4260	0.95	4260
1976	5	1380	3700	3700	0.95	3700
1977	5	3718	3680	3680	0.95	3680
1978	5	3216	3125	3125	0.95	3125
1979	5	1601	3052	3052	0.95	3052
1980	5	895	3105	3105	0.95	3105
1981	5	947	3210	3210	0.95	3210
1982	5	1286	3107	3107	0.95	3107
1983	5	2746	3107	3107	0.94	3107
1984	5	1461	3679	3679	0.97	3679
1985	5	1669	3400	3400	0.96	3400
1986	5	2373	2936	2936	1	2936
1987	5	3083	2766	2766	1	2766
1988	5	1484	2914	2914	0.97	2914
1989	5	1121	2934	2934	1	2934
1990	5	865	2531	2531	0.99	2531
1991	5	622	2524	2524	1	2524
1992	5	911	2312	2312	0.97	2312
1993	5	222	3132	3132	0.91	3132
1994	5	532	3654	3654	0.99	3654
1995	5	1012	3925	3925	0.74	3925
1996	5	1542	3800	3800	0.87	3800
1997	5	3731	3012	3012	0.97	3012
1998	5	5140	2280	2280	0.99	2280
1999	5	1164	2774	2774	0.98	2774
2000	5	443	3795	3795	0.92	3795
2001	5	373	3976	3976	0.94	3976
2002	5	1688	3529	3529	0.97	3529
2003	5	1979	3329	3329	0.88	3329
2004	5	2051	2363	2363	0.92	2363
2005	5	1146	2293	2293	0.93	2293
2006	5	663	2386	2386	0.99	2386
2007	5	315	3076	3076	0.91	3076
2008	5	430	2714	2714	0.9	2714
2009	5	618	2723	2723	0.96	2723
2010	5	468	3212	3212	0.94	3212
2011	5	365	3493	3493	0.84	3493
2012	5	555	3102	3102	0.94	3102
2013	5	587	3180	3180	0.98	3180
2014	5	499	3000	3000	1	3000
2015	5	208	3650	3650	0.95	3650
2016	5	214	3937	3937	0.97	3937
2017	5	438	4042	4042	0.98	4042
2018	5	546	4440	4440	0.94	4440
1959	6	200	5800	5800	0.99	5800
1960	6	876	6020	6020	0.99	6020
1961	6	232	5520	5520	0.99	5520
1962	6	481	4930	4930	0.99	4930
1963	6	284	5500	5500	0.99	5500
1964	6	350	6080	6080	0.99	6080
1965	6	363	5690	5690	0.99	5690
1966	6	606	4800	4800	0.99	4800
1967	6	847	4780	4780	0.99	4780
1968	6	1226	4650	4650	0.99	4650
1969	6	477	4890	4890	0.99	4890
1970	6	752	5140	5140	0.99	5140
1971	6	1451	3940	3940	0.99	3940
1972	6	1021	4290	4290	0.99	4290
1973	6	384	5100	5100	0.99	5100
1974	6	563	5180	5180	0.99	5180
1975	6	813	5460	5460	0.99	5460
1976	6	1427	5260	5260	0.99	5260
1977	6	788	4650	4650	0.99	4650
1978	6	1041	4363	4363	0.99	4363
1979	6	1906	3642	3642	0.99	3642
1980	6	807	3539	3539	0.99	3539
1981	6	582	3700	3700	0.99	3700
1982	6	471	4012	4012	0.99	4012
1983	6	1204	4110	4110	1	4110
1984	6	912	4470	4470	1	4470
1985	6	770	3752	3752	1	3752
1986	6	907	3786	3786	1	3786
1987	6	812	3908	3908	1	3908
1988	6	2178	3109	3109	1	3109
1989	6	1026	3468	3468	1	3468
1990	6	410	3273	3273	1	3273
1991	6	303	3185	3185	0.9	3185
1992	6	293	3477	3477	1	3477
1993	6	329	3723	3723	0.99	3723
1994	6	125	4584	4584	1	4584
1995	6	465	5180	5180	0.97	5180
1996	6	1526	4455	4455	0.94	4455
1997	6	657	4158	4158	1	4158
1998	6	1529	3478	3478	0.99	3478
1999	6	2339	3214	3214	1	3214
2000	6	700	4048	4048	0.99	4048
2001	6	372	4394	4394	1	4394
2002	6	474	4095	4095	0.93	4095
2003	6	657	4092	4092	0.98	4092
2004	6	717	3830	3830	0.89	3830
2005	6	841	3138	3138	0.98	3138
2006	6	801	3330	3330	0.99	3330
2007	6	289	3529	3529	0.99	3529
2008	6	187	3804	3804	0.95	3804
2009	6	296	3435	3435	0.94	3435
2010	6	481	3678	3678	0.97	3678
2011	6	188	4525	4525	0.93	4525
2012	6	200	4279	4279	0.97	4279
2013	6	175	4672	4672	1	4672
2014	6	350	4148	4148	1	4148
2015	6	280	4403	4403	0.97	4403
2016	6	146	4419	4419	1	4419
2017	6	151	4985	4985	0.97	4985
2018	6	479	5168	5168	0.95	5168
1959	7	207	6370	6370	0.99	6370
1960	7	171	6650	6650	0.99	6650
1961	7	372	7090	7090	0.99	7090
1962	7	93	9080	9080	0.99	9080
1963	7	204	6780	6780	0.99	6780
1964	7	158	7000	7000	0.99	7000
1965	7	155	7310	7310	0.99	7310
1966	7	197	6320	6320	0.99	6320
1967	7	309	6250	6250	0.99	6250
1968	7	452	5500	5500	0.99	5500
1969	7	713	5050	5050	0.99	5050
1970	7	244	6460	6460	0.99	6460
1971	7	510	4870	4870	0.99	4870
1972	7	596	4950	4950	0.99	4950
1973	7	312	5100	5100	0.99	5100
1974	7	452	5880	5880	0.99	5880
1975	7	295	6250	6250	0.99	6250
1976	7	617	6430	6430	0.99	6430
1977	7	1160	5340	5340	0.99	5340
1978	7	268	5927	5927	0.99	5927
1979	7	493	4719	4719	0.99	4719
1980	7	832	4392	4392	0.99	4392
1981	7	487	4240	4240	0.99	4240
1982	7	314	5442	5442	0.99	5442
1983	7	510	5020	5020	1	5020
1984	7	314	5488	5488	1	5488
1985	7	872	4220	4220	1	4220
1986	7	236	4699	4699	0.96	4699
1987	7	224	5461	5461	1	5461
1988	7	492	3976	3976	1	3976
1989	7	997	3750	3750	1	3750
1990	7	298	4652	4652	0.98	4652
1991	7	142	4086	4086	1	4086
1992	7	132	4545	4545	1	4545
1993	7	96	4971	4971	1	4971
1994	7	176	4976	4976	0.98	4976
1995	7	118	6079	6079	1	6079
1996	7	596	4978	4978	1	4978
1997	7	639	4491	4491	1	4491
1998	7	159	5433	5433	1	5433
1999	7	461	5496	5496	1	5496
2000	7	840	4577	4577	1	4577
2001	7	728	4871	4871	1	4871
2002	7	538	4475	4475	0.97	4475
2003	7	182	4670	4670	1	4670
2004	7	234	5191	5191	0.87	5191
2005	7	208	5287	5287	0.92	5287
2006	7	333	4691	4691	1	4691
2007	7	255	4710	4710	0.97	4710
2008	7	157	4669	4669	1	4669
2009	7	85	5081	5081	0.96	5081
2010	7	178	4774	4774	1	4774
2011	7	126	5076	5076	0.98	5076
2012	7	99	5573	5573	1	5573
2013	7	39	6776	6776	1	6776
2014	7	86	6489	6489	1	6489
2015	7	219	5768	5768	1	5768
2016	7	143	5399	5399	1	5399
2017	7	75	5650	5650	1	5650
2018	7	95	6188	6188	0.91	6188
1959	8	50	7340	7340	0.99	7340
1960	8	131	8120	8120	0.99	8120
1961	8	78	9910	9910	0.99	9910
1962	8	94	6590	6590	0.99	6590
1963	8	48	8710	8710	0.99	8710
1964	8	79	6250	6250	0.99	6250
1965	8	48	7930	7930	0.99	7930
1966	8	104	7510	7510	0.99	7510
1967	8	64	7000	7000	0.99	7000
1968	8	105	7670	7670	0.99	7670
1969	8	203	7410	7410	0.99	7410
1970	8	300	10310	10310	0.99	10310
1971	8	114	6480	6480	0.99	6480
1972	8	154	6480	6480	0.99	6480
1973	8	227	6120	6120	0.99	6120
1974	8	149	6140	6140	0.99	6140
1975	8	190	7510	7510	0.99	7510
1976	8	273	6390	6390	0.99	6390
1977	8	239	6230	6230	0.99	6230
1978	8	201	6348	6348	0.99	6348
1979	8	134	7272	7272	0.99	7272
1980	8	339	6100	6100	0.99	6100
1981	8	527	4430	4430	0.99	4430
1982	8	169	5563	5563	0.99	5563
1983	8	157	5601	5601	1	5601
1984	8	82	6466	6466	1	6466
1985	8	309	4739	4739	1	4739
1986	8	147	5893	5893	0.94	5893
1987	8	68	6341	6341	1	6341
1988	8	168	4896	4896	1	4896
1989	8	220	4682	4682	0.91	4682
1990	8	295	4758	4758	1	4758
1991	8	93	5656	5656	1	5656
1992	8	53	6275	6275	1	6275
1993	8	33	6159	6159	1	6159
1994	8	39	7146	7146	1	7146
1995	8	175	6241	6241	1	6241
1996	8	147	5270	5270	1	5270
1997	8	170	5312	5312	1	5312
1998	8	118	5851	5851	1	5851
1999	8	62	8276	8276	1	8276
2000	8	108	8182	8182	1	8182
2001	8	443	5563	5563	1	5563
2002	8	417	4650	4650	1	4650
2003	8	94	6000	6000	1	6000
2004	8	63	6326	6326	1	6326
2005	8	41	8285	8285	1	8285
2006	8	76	7635	7635	1	7635
2007	8	85	6464	6464	1	6464
2008	8	156	5915	5915	1	5915
2009	8	55	6281	6281	1	6281
2010	8	58	5973	5973	1	5973
2011	8	50	6631	6631	1	6631
2012	8	69	5871	5871	1	5871
2013	8	25	6966	6966	1	6966
2014	8	14	9394	9394	1	9394
2015	8	46	8035	8035	1	8035
2016	8	67	7059	7059	1	7059
2017	8	41	7407	7407	1	7407
2018	8	60	7297	7297	0.92	7297
1959	9	10	7880	7880	1	7880
1960	9	61	11000	11000	1	11000
1961	9	29	8030	8030	1	8030
1962	9	22	6660	6660	1	6660
1963	9	30	11720	11720	1	11720
1964	9	41	6190	6190	1	6190
1965	9	63	8090	8090	1	8090
1966	9	33	10340	10340	1	10340
1967	9	27	11010	11010	1	11010
1968	9	11	10950	10950	1	10950
1969	9	92	8660	8660	1	8660
1970	9	44	7390	7390	1	7390
1971	9	179	6370	6370	1	6370
1972	9	25	6900	6900	1	6900
1973	9	120	8660	8660	1	8660
1974	9	141	8630	8630	1	8630
1975	9	118	7390	7390	1	7390
1976	9	120	8550	8550	1	8550
1977	9	134	8380	8380	1	8380
1978	9	66	8715	8715	1	8715
1979	9	87	8368	8368	1	8368
1980	9	42	7603	7603	1	7603
1981	9	123	6690	6690	1	6690
1982	9	254	5216	5216	1	5216
1983	9	104	8013	8013	1	8013
1984	9	34	6628	6628	1	6628
1985	9	65	6511	6511	1	6511
1986	9	47	9700	9700	1	9700
1987	9	69	8509	8509	1	8509
1988	9	33	7087	7087	1	7087
1989	9	61	6140	6140	1	6140
1990	9	51	6704	6704	1	6704
1991	9	53	5973	5973	1	5973
1992	9	30	7619	7619	1	7619
1993	9	22	7614	7614	1	7614
1994	9	23	8564	8564	1	8564
1995	9	44	7782	7782	1	7782
1996	9	347	5593	5593	1	5593
1997	9	51	6172	6172	1	6172
1998	9	28	7970	7970	1	7970
1999	9	18	9129	9129	1	9129
2000	9	8	11895	11895	1	11895
2001	9	36	7277	7277	1	7277
2002	9	293	6244	6244	1	6244
2003	9	118	6727	6727	1	6727
2004	9	41	7656	7656	1	7656
2005	9	19	8703	8703	1	8703
2006	9	10	9524	9524	1	9524
2007	9	20	9461	9461	1	9461
2008	9	57	7233	7233	1	7233
2009	9	43	8312	8312	1	8312
2010	9	33	7094	7094	1	7094
2011	9	19	6863	6863	1	6863
2012	9	25	7482	7482	1	7482
2013	9	15	9028	9028	1	9028
2014	9	9	9236	9236	1	9236
2015	9	23	10334	10334	1	10334
2016	9	18	10227	10227	1	10227
2017	9	24	9172	9172	1	9172
2018	9	36	8291	8291	1	8291
1959	10	0.1	10270	10270	1	10270
1960	10	0	10270	10270	1	10270
1961	10	0	10270	10270	1	10270
1962	10	0	10270	10270	1	10270
1963	10	0	10820	10820	1	10820
1964	10	0	14390	14390	1	14390
1965	10	0	11110	11110	1	11110
1966	10	0	11650	11650	1	11650
1967	10	0	10690	10690	1	10690
1968	10	0	9280	9280	1	9280
1969	10	0	14390	14390	1	14390
1970	10	0	9340	9340	1	9340
1971	10	0	10220	10220	1	10220
1972	10	0	11550	11550	1	11550
1973	10	97	7570	7570	1	7570
1974	10	91	7620	7620	1	7620
1975	10	150	8170	8170	1	8170
1976	10	186	13620	13620	1	13620
1977	10	9	10720	10720	1	10720
1978	10	56	12229	12229	1	12229
1979	10	38	13042	13042	1	13042
1980	10	18	9668	9668	1	9668
1981	10	55	10000	10000	1	10000
1982	10	122	6707	6707	1	6707
1983	10	102	8031	8031	1	8031
1984	10	66	10981	10981	1	10981
1985	10	80	10981	10981	1	10981
1986	10	38	8815	8815	1	8815
1987	10	26	9811	9811	1	9811
1988	10	25	8287	8287	1	8287
1989	10	9	9156	9156	1	9156
1990	10	26	8689	8689	1	8689
1991	10	24	8147	8147	1	8147
1992	10	34	9725	9725	1	9725
1993	10	25	9587	9587	1	9587
1994	10	16	8796	8796	1	8796
1995	10	49	8627	8627	1	8627
1996	10	47	7482	7482	1	7482
1997	10	120	7056	7056	1	7056
1998	10	25	8802	8802	1	8802
1999	10	8	10652	10652	1	10652
2000	10	1	13009	13009	1	13009
2001	10	6	12394	12394	1	12394
2002	10	7	7457	7457	1	7457
2003	10	21	6810	6810	1	6810
2004	10	36	9573	9573	1	9573
2005	10	31	9517	9517	1	9517
2006	10	3	11990	11990	1	11990
2007	10	3	9509	9509	1	9509
2008	10	19	9559	9559	1	9559
2009	10	17	9959	9959	1	9959
2010	10	38	9800	9800	1	9800
2011	10	2	10089	10089	1	10089
2012	10	22	9206	9206	0.83	9206
2013	10	5	10324	10324	1	10324
2014	10	1	12120	12120	1	12120
2015	10	7	11127	11127	1	11127
2016	10	2	10975	10975	1	10975
2017	10	8	10882	10882	1	10882
2018	10	4	10336	10336	1	10336
