#year	age	oC	cW	sW	mat	ssbW
1957	1	45	250	250	0	250
1958	1	116	250	250	0	250
1959	1	525	250	250	0	250
1960	1	854	250	250	0	250
1961	1	941	250	250	0	250
1962	1	784	250	250	0	250
1963	1	356	250	250	0	250
1964	1	46	250	250	0	250
1965	1	39	250	250	0	250
1966	1	90	250	250	0	250
1967	1	70	250	250	0	250
1968	1	49	250	250	0	250
1969	1	95	250	250	0	250
1970	1	57	250	250	0	250
1971	1	55	250	250	0	250
1972	1	43	250	250	0	250
1973	1	665	250	250	0	250
1974	1	253	250	250	0	250
1975	1	94	250	250	0	250
1976	1	40	250	250	0	250
1977	1	0	250	250	0	250
1978	1	0	250	250	0	250
1979	1	1	300	300	0	300
1980	1	0	250	250	0	250
1981	1	0	250	250	0	250
1982	1	0	250	250	0	250
1983	1	0	250	250	0	250
1984	1	25	359	359	0	359
1985	1	0	250	250	0	250
1986	1	0	250	250	0	250
1987	1	0	250	250	0	250
1988	1	0	250	250	0	250
1989	1	0	250	250	0	250
1990	1	0	250	250	0	250
1991	1	0	250	250	0	250
1992	1	0	250	250	0	250
1993	1	43	360	360	0	360
1994	1	1	250	250	0	250
1995	1	0	250	250	0	250
1996	1	1	360	360	0	360
1997	1	0	250	250	0	250
1998	1	0	250	250	0	250
1999	1	9	278	278	0	278
2000	1	73	280	280	0	280
2001	1	19	280	280	0	280
2002	1	0	250	250	0	250
2003	1	0	250	250	0	250
2004	1	3	367	367	0	367
2005	1	0	250	250	0	250
2006	1	0	250	250	0	250
2007	1	0	250	250	0	250
2008	1	6	491	491	0	491
2009	1	0	250	250	0	250
2010	1	0	250	250	0	250
2011	1	0	250	250	0	250
2012	1	0	250	250	0	250
2013	1	0	250	250	0	250
2014	1	0	250	250	0	250
2015	1	0	424	424	0	424
2016	1	8	396	396	0	396
2017	1	1	343	343	0	343
2018	1	0	250	250	0	250
1957	2	4133	470	470	0.06	470
1958	2	6255	470	470	0.06	470
1959	2	3971	470	470	0.06	470
1960	2	6061	470	470	0.06	470
1961	2	7932	470	470	0.06	470
1962	2	9631	470	470	0.06	470
1963	2	13552	470	470	0.06	470
1964	2	2284	470	470	0.06	470
1965	2	1368	470	470	0.06	470
1966	2	1081	470	470	0.06	470
1967	2	1425	470	470	0.06	470
1968	2	5881	470	470	0.06	470
1969	2	2384	470	470	0.06	470
1970	2	1728	470	470	0.06	470
1971	2	717	470	470	0.06	470
1972	2	750	470	470	0.06	470
1973	2	3311	470	470	0.06	470
1974	2	5633	470	470	0.06	470
1975	2	7337	470	470	0.06	470
1976	2	4396	470	470	0.06	470
1977	2	255	311	311	0.06	311
1978	2	32	357	357	0.06	357
1979	2	1	357	357	0.06	357
1980	2	143	643	643	0.06	643
1981	2	74	452	452	0.06	452
1982	2	539	700	700	0.08	700
1983	2	441	470	470	0.08	470
1984	2	1195	681	681	0.08	681
1985	2	985	528	528	0.03	528
1986	2	230	608	608	0.03	608
1987	2	283	605	605	0.05	605
1988	2	655	501	501	0.05	501
1989	2	63	580	580	0.02	580
1990	2	105	438	438	0.08	438
1991	2	77	547	547	0.16	547
1992	2	40	525	525	0.18	525
1993	2	113	755	755	0.11	755
1994	2	277	754	754	0.05	754
1995	2	804	666	666	0.03	666
1996	2	326	534	534	0.03	534
1997	2	77	519	519	0.01	519
1998	2	106	622	622	0.01	622
1999	2	174	504	504	0.01	504
2000	2	1461	661	661	0.02	661
2001	2	4380	608	608	0.09	608
2002	2	1515	584	584	0.08	584
2003	2	132	571	571	0.07	571
2004	2	243	574	574	0	574
2005	2	91	538	538	0.01	538
2006	2	247	475	475	0.01	475
2007	2	76	628	628	0.02	628
2008	2	66	636	636	0.01	636
2009	2	27	482	482	0.01	482
2010	2	389	692	692	0.03	692
2011	2	170	553	553	0.09	553
2012	2	8	619	619	0.13	619
2013	2	82	576	576	0.17	576
2014	2	236	547	547	0.17	547
2015	2	387	533	533	0.19	533
2016	2	279	645	645	0.14	645
2017	2	155	790	790	0.12	790
2018	2	570	642	642	0.08	642
1957	3	7130	730	730	0.48	730
1958	3	8021	730	730	0.48	730
1959	3	7663	730	730	0.48	730
1960	3	10659	730	730	0.48	730
1961	3	7330	730	730	0.48	730
1962	3	13977	730	730	0.48	730
1963	3	8907	730	730	0.48	730
1964	3	7457	730	730	0.48	730
1965	3	4286	730	730	0.48	730
1966	3	3304	730	730	0.48	730
1967	3	2405	730	730	0.48	730
1968	3	4097	730	730	0.48	730
1969	3	7539	730	730	0.48	730
1970	3	4855	730	730	0.48	730
1971	3	4393	730	730	0.48	730
1972	3	3744	730	730	0.48	730
1973	3	8416	730	730	0.48	730
1974	3	2899	730	730	0.48	730
1975	3	7952	730	730	0.48	730
1976	3	7858	730	730	0.48	730
1977	3	4039	633	633	0.48	633
1978	3	1022	790	790	0.48	790
1979	3	1162	672	672	0.48	672
1980	3	58	713	713	0.48	713
1981	3	455	725	725	0.48	725
1982	3	934	896	896	0.62	896
1983	3	1969	740	740	0.62	740
1984	3	1561	1011	1011	0.76	1011
1985	3	4553	859	859	0.62	859
1986	3	2549	887	887	0.43	887
1987	3	1718	831	831	0.32	831
1988	3	444	781	781	0.24	781
1989	3	1518	779	779	0.22	779
1990	3	1275	699	699	0.37	699
1991	3	1044	693	693	0.58	693
1992	3	154	724	724	0.65	724
1993	3	298	982	982	0.5	982
1994	3	191	1103	1103	0.42	1103
1995	3	452	1054	1054	0.47	1054
1996	3	5234	858	858	0.47	858
1997	3	2913	771	771	0.47	771
1998	3	1055	846	846	0.36	846
1999	3	1142	624	624	0.35	624
2000	3	3061	936	936	0.36	936
2001	3	3128	940	940	0.54	940
2002	3	14039	857	857	0.49	857
2003	3	3419	715	715	0.45	715
2004	3	2007	770	770	0.35	770
2005	3	1793	649	649	0.34	649
2006	3	446	601	601	0.42	601
2007	3	982	669	669	0.52	669
2008	3	204	754	754	0.64	754
2009	3	329	734	734	0.61	734
2010	3	445	870	870	0.65	870
2011	3	774	815	815	0.74	815
2012	3	960	786	786	0.79	786
2013	3	506	830	830	0.83	830
2014	3	392	902	902	0.83	902
2015	3	1153	889	889	0.9	889
2016	3	979	934	934	0.89	934
2017	3	389	904	904	0.9	904
2018	3	1768	1000	1000	0.8	1000
1957	4	8442	1130	1130	0.91	1130
1958	4	5679	1130	1130	0.91	1130
1959	4	4544	1130	1130	0.91	1130
1960	4	6655	1130	1130	0.91	1130
1961	4	5134	1130	1130	0.91	1130
1962	4	5233	1130	1130	0.91	1130
1963	4	7403	1130	1130	0.91	1130
1964	4	3899	1130	1130	0.91	1130
1965	4	5133	1130	1130	0.91	1130
1966	4	4804	1130	1130	0.91	1130
1967	4	2599	1130	1130	0.91	1130
1968	4	2812	1130	1130	0.91	1130
1969	4	4567	1130	1130	0.91	1130
1970	4	6581	1130	1130	0.91	1130
1971	4	4727	1130	1130	0.91	1130
1972	4	4179	1130	1130	0.91	1130
1973	4	1240	1130	1130	0.91	1130
1974	4	3970	1130	1130	0.91	1130
1975	4	2097	1130	1130	0.91	1130
1976	4	6798	1130	1130	0.91	1130
1977	4	5168	1044	1044	0.91	1044
1978	4	4248	1035	1035	0.91	1035
1979	4	1755	894	894	0.91	894
1980	4	3724	941	941	0.91	941
1981	4	202	957	957	0.91	957
1982	4	784	1150	1150	0.89	1150
1983	4	383	1010	1010	0.89	1010
1984	4	2462	1255	1255	0.98	1255
1985	4	2196	1391	1391	0.96	1391
1986	4	4452	1175	1175	0.95	1175
1987	4	3565	1126	1126	0.91	1126
1988	4	2463	974	974	0.89	974
1989	4	658	923	923	0.87	923
1990	4	1921	939	939	0.9	939
1991	4	1774	884	884	0.93	884
1992	4	776	817	817	0.91	817
1993	4	274	1027	1027	0.85	1027
1994	4	307	1254	1254	0.86	1254
1995	4	235	1489	1489	0.91	1489
1996	4	1019	1459	1459	0.93	1459
1997	4	10517	1066	1066	0.91	1066
1998	4	5269	1016	1016	0.87	1016
1999	4	942	974	974	0.86	974
2000	4	210	1166	1166	0.87	1166
2001	4	2423	1374	1374	0.93	1374
2002	4	2879	1405	1405	0.97	1405
2003	4	13486	1008	1008	0.97	1008
2004	4	4802	887	887	0.94	887
2005	4	4132	797	797	0.91	797
2006	4	2566	768	768	0.91	768
2007	4	547	859	859	0.91	859
2008	4	919	860	860	0.95	860
2009	4	402	985	985	0.93	985
2010	4	426	1149	1149	0.96	1149
2011	4	325	1086	1086	0.97	1086
2012	4	513	1069	1069	0.99	1069
2013	4	1108	1149	1149	0.99	1149
2014	4	637	1165	1165	1	1165
2015	4	320	1353	1353	1	1353
2016	4	636	1220	1220	1	1220
2017	4	808	1169	1169	1	1169
2018	4	750	1584	1584	0.99	1584
1957	5	1615	1550	1550	1	1550
1958	5	3378	1550	1550	1	1550
1959	5	2056	1550	1550	1	1550
1960	5	2482	1550	1550	1	1550
1961	5	1937	1550	1550	1	1550
1962	5	2361	1550	1550	1	1550
1963	5	2242	1550	1550	1	1550
1964	5	2360	1550	1550	1	1550
1965	5	1443	1550	1550	1	1550
1966	5	2710	1550	1550	1	1550
1967	5	1785	1550	1550	1	1550
1968	5	1524	1550	1550	1	1550
1969	5	1565	1550	1550	1	1550
1970	5	1624	1550	1550	1	1550
1971	5	3267	1550	1550	1	1550
1972	5	2706	1550	1550	1	1550
1973	5	2795	1550	1550	1	1550
1974	5	451	1550	1550	1	1550
1975	5	1371	1550	1550	1	1550
1976	5	1251	1550	1550	1	1550
1977	5	4918	1426	1426	1	1426
1978	5	4054	1398	1398	1	1398
1979	5	3343	1156	1156	1	1156
1980	5	2583	1157	1157	1	1157
1981	5	2586	1237	1237	1	1237
1982	5	298	1444	1444	1	1444
1983	5	422	1320	1320	1	1320
1984	5	147	1812	1812	1	1812
1985	5	1242	1777	1777	1	1777
1986	5	1522	1631	1631	0.99	1631
1987	5	2972	1462	1462	0.98	1462
1988	5	3036	1363	1363	0.98	1363
1989	5	2787	1207	1207	0.99	1207
1990	5	768	1204	1204	1	1204
1991	5	1248	1086	1086	1	1086
1992	5	1120	1038	1038	1	1038
1993	5	554	1192	1192	0.97	1192
1994	5	153	1465	1465	0.96	1465
1995	5	226	1779	1779	0.96	1779
1996	5	179	1993	1993	0.98	1993
1997	5	710	1799	1799	1	1799
1998	5	9856	1283	1283	0.99	1283
1999	5	4677	1220	1220	0.99	1220
2000	5	682	1483	1483	0.99	1483
2001	5	173	1779	1779	1	1779
2002	5	1200	1799	1799	1	1799
2003	5	2213	1537	1537	0.99	1537
2004	5	10425	1159	1159	0.99	1159
2005	5	7245	1020	1020	0.99	1020
2006	5	3949	911	911	1	911
2007	5	2732	969	969	1	969
2008	5	424	991	991	1	991
2009	5	555	1130	1130	1	1130
2010	5	279	1308	1308	1	1308
2011	5	198	1303	1303	1	1303
2012	5	156	1405	1405	1	1405
2013	5	217	1465	1465	1	1465
2014	5	1133	1354	1354	1	1354
2015	5	564	1640	1640	1	1640
2016	5	219	1571	1571	1	1571
2017	5	319	1595	1595	1	1595
2018	5	570	1944	1944	1	1944
1957	6	894	1970	1970	1	1970
1958	6	1299	1970	1970	1	1970
1959	6	1844	1970	1970	1	1970
1960	6	1559	1970	1970	1	1970
1961	6	1305	1970	1970	1	1970
1962	6	1407	1970	1970	1	1970
1963	6	1539	1970	1970	1	1970
1964	6	1120	1970	1970	1	1970
1965	6	1209	1970	1970	1	1970
1966	6	1112	1970	1970	1	1970
1967	6	1426	1970	1970	1	1970
1968	6	1526	1970	1970	1	1970
1969	6	1485	1970	1970	1	1970
1970	6	1383	1970	1970	1	1970
1971	6	1292	1970	1970	1	1970
1972	6	1171	1970	1970	1	1970
1973	6	919	1970	1970	1	1970
1974	6	976	1970	1970	1	1970
1975	6	247	1970	1970	1	1970
1976	6	1189	1970	1970	1	1970
1977	6	2128	1825	1825	1	1825
1978	6	1841	1870	1870	1	1870
1979	6	1851	1590	1590	1	1590
1980	6	2496	1493	1493	1	1493
1981	6	1354	1651	1651	1	1651
1982	6	2182	1498	1498	1	1498
1983	6	93	1660	1660	1	1660
1984	6	234	2061	2061	1	2061
1985	6	169	2326	2326	1	2326
1986	6	738	1984	1984	1	1984
1987	6	1114	1941	1941	1	1941
1988	6	2140	1680	1680	1	1680
1989	6	2554	1564	1564	1	1564
1990	6	1737	1384	1384	1	1384
1991	6	651	1276	1276	1	1276
1992	6	959	1249	1249	1	1249
1993	6	538	1378	1378	0.99	1378
1994	6	423	1593	1593	0.99	1593
1995	6	132	1940	1940	0.99	1940
1996	6	163	2330	2330	1	2330
1997	6	116	2270	2270	1	2270
1998	6	446	2080	2080	1	2080
1999	6	6619	1490	1490	1	1490
2000	6	2685	1616	1616	1	1616
2001	6	451	1971	1971	1	1971
2002	6	133	1974	1974	1	1974
2003	6	944	1911	1911	1	1911
2004	6	1163	1638	1638	1	1638
2005	6	6573	1245	1245	1	1245
2006	6	5423	1126	1126	1	1126
2007	6	3309	1060	1060	1	1060
2008	6	1472	1082	1082	1	1082
2009	6	514	1264	1264	1	1264
2010	6	484	1386	1386	1	1386
2011	6	186	1387	1387	1	1387
2012	6	114	1616	1616	1	1616
2013	6	94	1710	1710	1	1710
2014	6	101	1693	1693	1	1693
2015	6	325	1729	1729	1	1729
2016	6	452	1908	1908	1	1908
2017	6	113	2137	2137	1	2137
2018	6	208	2281	2281	1	2281
1957	7	585	2410	2410	1	2410
1958	7	817	2410	2410	1	2410
1959	7	721	2410	2410	1	2410
1960	7	1169	2410	2410	1	2410
1961	7	838	2410	2410	1	2410
1962	7	868	2410	2410	1	2410
1963	7	860	2410	2410	1	2410
1964	7	728	2410	2410	1	2410
1965	7	673	2410	2410	1	2410
1966	7	740	2410	2410	1	2410
1967	7	631	2410	2410	1	2410
1968	7	923	2410	2410	1	2410
1969	7	1224	2410	2410	1	2410
1970	7	1099	2410	2410	1	2410
1971	7	864	2410	2410	1	2410
1972	7	696	2410	2410	1	2410
1973	7	1054	2410	2410	1	2410
1974	7	466	2410	2410	1	2410
1975	7	352	2410	2410	1	2410
1976	7	298	2410	2410	1	2410
1977	7	946	2241	2241	1	2241
1978	7	717	2350	2350	1	2350
1979	7	772	2070	2070	1	2070
1980	7	1568	1739	1739	1	1739
1981	7	1559	2053	2053	1	2053
1982	7	973	1829	1829	1	1829
1983	7	1444	2050	2050	1	2050
1984	7	42	2059	2059	1	2059
1985	7	91	2440	2440	1	2440
1986	7	39	2519	2519	1	2519
1987	7	529	2173	2173	1	2173
1988	7	475	1975	1975	1	1975
1989	7	1976	1746	1746	1	1746
1990	7	1909	1564	1564	1	1564
1991	7	1101	1477	1477	1	1477
1992	7	335	1430	1430	1	1430
1993	7	474	1643	1643	1	1643
1994	7	427	1804	1804	1	1804
1995	7	295	2182	2182	1	2182
1996	7	161	2351	2351	1	2351
1997	7	123	2340	2340	1	2340
1998	7	99	2556	2556	1	2556
1999	7	226	2456	2456	1	2456
2000	7	2846	1893	1893	1	1893
2001	7	1151	2119	2119	1	2119
2002	7	239	2301	2301	1	2301
2003	7	162	2091	2091	1	2091
2004	7	409	1870	1870	1	1870
2005	7	581	1843	1843	1	1843
2006	7	3278	1374	1374	1	1374
2007	7	2758	1245	1245	1	1245
2008	7	1707	1151	1151	1	1151
2009	7	1133	1357	1357	1	1357
2010	7	553	1429	1429	1	1429
2011	7	280	1469	1469	1	1469
2012	7	123	1656	1656	1	1656
2013	7	77	1827	1827	1	1827
2014	7	61	1841	1841	1	1841
2015	7	49	2424	2424	1	2424
2016	7	116	2066	2066	1	2066
2017	7	143	2291	2291	1	2291
2018	7	83	2544	2544	1	2544
1957	8	227	2760	2760	1	2760
1958	8	294	2760	2760	1	2760
1959	8	236	2760	2760	1	2760
1960	8	243	2760	2760	1	2760
1961	8	236	2760	2760	1	2760
1962	8	270	2760	2760	1	2760
1963	8	257	2760	2760	1	2760
1964	8	198	2760	2760	1	2760
1965	8	1345	2760	2760	1	2760
1966	8	180	2760	2760	1	2760
1967	8	197	2760	2760	1	2760
1968	8	230	2760	2760	1	2760
1969	8	378	2760	2760	1	2760
1970	8	326	2760	2760	1	2760
1971	8	222	2760	2760	1	2760
1972	8	180	2760	2760	1	2760
1973	8	150	2760	2760	1	2760
1974	8	535	2760	2760	1	2760
1975	8	237	2760	2760	1	2760
1976	8	720	2760	2760	1	2760
1977	8	443	2205	2205	1	2205
1978	8	635	2597	2597	1	2597
1979	8	212	2525	2525	1	2525
1980	8	660	2095	2095	1	2095
1981	8	608	2406	2406	1	2406
1982	8	1166	1887	1887	1	1887
1983	8	740	2260	2260	1	2260
1984	8	861	2137	2137	1	2137
1985	8	61	2401	2401	1	2401
1986	8	130	2583	2583	1	2583
1987	8	83	2347	2347	1	2347
1988	8	151	2344	2344	1	2344
1989	8	541	2086	2086	1	2086
1990	8	885	1818	1818	1	1818
1991	8	698	1574	1574	1	1574
1992	8	373	1564	1564	1	1564
1993	8	131	1796	1796	1	1796
1994	8	383	2049	2049	1	2049
1995	8	290	2357	2357	1	2357
1996	8	270	2469	2469	1	2469
1997	8	93	2475	2475	1	2475
1998	8	87	2572	2572	1	2572
1999	8	26	2658	2658	1	2658
2000	8	79	2821	2821	1	2821
2001	8	1375	2373	2373	1	2373
2002	8	843	2370	2370	1	2370
2003	8	332	2301	2301	1	2301
2004	8	89	2438	2438	1	2438
2005	8	158	2061	2061	1	2061
2006	8	136	2158	2158	1	2158
2007	8	1117	1475	1475	1	1475
2008	8	1255	1379	1379	1	1379
2009	8	739	1545	1545	1	1545
2010	8	718	1568	1568	1	1568
2011	8	354	1538	1538	1	1538
2012	8	94	1675	1675	1	1675
2013	8	87	1886	1886	1	1886
2014	8	32	1872	1872	1	1872
2015	8	27	2003	2003	1	2003
2016	8	22	2187	2187	1	2187
2017	8	70	2666	2666	1	2666
2018	8	76	2597	2597	1	2597
1957	9	94	3070	3070	1	3070
1958	9	125	3070	3070	1	3070
1959	9	98	3070	3070	1	3070
1960	9	85	3070	3070	1	3070
1961	9	59	3070	3070	1	3070
1962	9	72	3070	3070	1	3070
1963	9	75	3070	3070	1	3070
1964	9	49	3070	3070	1	3070
1965	9	43	3070	3070	1	3070
1966	9	54	3070	3070	1	3070
1967	9	52	3070	3070	1	3070
1968	9	68	3070	3070	1	3070
1969	9	114	3070	3070	1	3070
1970	9	68	3070	3070	1	3070
1971	9	147	3070	3070	1	3070
1972	9	113	3070	3070	1	3070
1973	9	68	3070	3070	1	3070
1974	9	68	3070	3070	1	3070
1975	9	419	3070	3070	1	3070
1976	9	258	3070	3070	1	3070
1977	9	731	2570	2570	1	2570
1978	9	243	3014	3014	1	3014
1979	9	155	2696	2696	1	2696
1980	9	99	2465	2465	1	2465
1981	9	177	2725	2725	1	2725
1982	9	1283	1961	1961	1	1961
1983	9	947	2540	2540	1	2540
1984	9	388	2368	2368	1	2368
1985	9	503	2532	2532	1	2532
1986	9	71	2570	2570	1	2570
1987	9	48	3118	3118	1	3118
1988	9	18	2248	2248	1	2248
1989	9	133	2424	2424	1	2424
1990	9	270	2168	2168	1	2168
1991	9	317	1930	1930	1	1930
1992	9	401	1633	1633	1	1633
1993	9	201	1971	1971	1	1971
1994	9	125	2225	2225	1	2225
1995	9	262	2490	2490	1	2490
1996	9	234	2777	2777	1	2777
1997	9	220	2501	2501	1	2501
1998	9	95	2452	2452	1	2452
1999	9	20	2598	2598	1	2598
2000	9	1	3749	3749	1	3749
2001	9	17	2750	2750	1	2750
2002	9	1095	2626	2626	1	2626
2003	9	854	2406	2406	1	2406
2004	9	166	2357	2357	1	2357
2005	9	30	2263	2263	1	2263
2006	9	63	2211	2211	1	2211
2007	9	89	2266	2266	1	2266
2008	9	320	1727	1727	1	1727
2009	9	285	1792	1792	1	1792
2010	9	444	1740	1740	1	1740
2011	9	368	1702	1702	1	1702
2012	9	171	1727	1727	1	1727
2013	9	70	1856	1856	1	1856
2014	9	15	1856	1856	1	1856
2015	9	23	2218	2218	1	2218
2016	9	24	2276	2276	1	2276
2017	9	14	2697	2697	1	2697
2018	9	27	2818	2818	1	2818
1957	10	58	3550	3550	1	3550
1958	10	105	3550	3550	1	3550
1959	10	47	3550	3550	1	3550
1960	10	28	3550	3550	1	3550
1961	10	13	3550	3550	1	3550
1962	10	22	3550	3550	1	3550
1963	10	23	3550	3550	1	3550
1964	10	7	3550	3550	1	3550
1965	10	8	3550	3550	1	3550
1966	10	9	3550	3550	1	3550
1967	10	13	3550	3550	1	3550
1968	10	12	3550	3550	1	3550
1969	10	20	3550	3550	1	3550
1970	10	10	3550	3550	1	3550
1971	10	102	3550	3550	1	3550
1972	10	95	3550	3550	1	3550
1973	10	11	3550	3550	1	3550
1974	10	147	3550	3550	1	3550
1975	10	187	3550	3550	1	3550
1976	10	318	3550	3550	1	3550
1977	10	855	2591	2591	1	2591
1978	10	312	2920	2920	1	2920
1979	10	74	3519	3519	1	3519
1980	10	86	3310	3310	1	3310
1981	10	36	3250	3250	1	3250
1982	10	214	2856	2856	1	2856
1983	10	795	3040	3040	1	3040
1984	10	968	2686	2686	1	2686
1985	10	973	2686	2686	1	2686
1986	10	712	2922	2922	1	2922
1987	10	334	2933	2933	1	2933
1988	10	128	3295	3295	1	3295
1989	10	81	2514	2514	1	2514
1990	10	108	2335	2335	1	2335
1991	10	32	2153	2153	1	2153
1992	10	162	2126	2126	1	2126
1993	10	185	2240	2240	1	2240
1994	10	301	2423	2423	1	2423
1995	10	295	2678	2678	1	2678
1996	10	394	2582	2582	1	2582
1997	10	516	2676	2676	1	2676
1998	10	502	2753	2753	1	2753
1999	10	192	2953	2953	1	2953
2000	10	71	3196	3196	1	3196
2001	10	18	3966	3966	1	3966
2002	10	33	3130	3130	1	3130
2003	10	920	2535	2535	1	2535
2004	10	811	2417	2417	1	2417
2005	10	165	2579	2579	1	2579
2006	10	70	2569	2569	1	2569
2007	10	9	2256	2256	1	2256
2008	10	39	2435	2435	1	2435
2009	10	48	2154	2154	1	2154
2010	10	159	1841	1841	1	1841
2011	10	187	1862	1862	1	1862
2012	10	114	1905	1905	1	1905
2013	10	118	2085	2085	1	2085
2014	10	48	1823	1823	1	1823
2015	10	20	2302	2302	1	2302
2016	10	12	2789	2789	1	2789
2017	10	10	3791	3791	1	3791
2018	10	9	3288	3288	1	3288
