#year	age	cno	cwt	swt	mat	ssbwt
1979	1	-1	-1	37	-1	-1
1979	2	149	620	185	0.08	185
1979	3	1908	960	481	0.301	481
1979	4	3762	1410	910	0.539	910
1979	5	6057	2030	1409	0.722	1409
1979	6	9022	2910	1968	0.821	1968
1979	7	1743	3800	2496	0.868	2496
1979	8	438	4560	3077	0.904	3077
1979	9	56	4720	3300	0.963	3300
1979	10	0	4000	4000	1	4000
1979	11	56	5741	5741	1	5741
1979	12	56	6171	6171	1	6171
1979	13	0	4000	4000	1	4000
1979	14	0	5213	5213	1	5213
1980	1	-1	-1	37	-1	-1
1980	2	595	837	185	0.08	185
1980	3	1385	831	481	0.301	481
1980	4	11481	1306	910	0.539	910
1980	5	4298	2207	1409	0.722	1409
1980	6	3798	2738	1968	0.821	1968
1980	7	3732	3188	2496	0.868	2496
1980	8	544	3843	3077	0.904	3077
1980	9	91	4506	3300	0.963	3300
1980	10	32	4615	4615	1	4615
1980	11	0	4000	4000	1	4000
1980	12	5	7337	7337	1	7337
1980	13	0	4000	4000	1	4000
1980	14	0	4000	4000	1	4000
1981	1	-1	-1	37	-1	-1
1981	2	10	584	185	0.08	185
1981	3	514	693	481	0.301	481
1981	4	4911	1081	910	0.539	910
1981	5	16900	1656	1409	0.722	1409
1981	6	5999	2283	1968	0.821	1968
1981	7	2825	3214	2496	0.868	2496
1981	8	1803	3409	3077	0.904	3077
1981	9	168	4046	3300	0.963	3300
1981	10	43	4898	4898	1	4898
1981	11	0	4000	4000	1	4000
1981	12	14	6376	6376	1	6376
1981	13	0	4000	4000	1	4000
1981	14	0	4000	4000	1	4000
1982	1	-1	-1	37	-1	-1
1982	2	107	289	185	0.08	185
1982	3	245	959	481	0.301	481
1982	4	3149	1455	910	0.539	910
1982	5	10851	1674	1409	0.722	1409
1982	6	14049	2351	1968	0.821	1968
1982	7	2068	3031	2496	0.868	2496
1982	8	1000	3481	3077	0.904	3077
1982	9	725	3874	3300	0.963	3300
1982	10	169	3952	3952	1	3952
1982	11	26	4958	4958	1	4958
1982	12	5	5323	5323	1	5323
1982	13	0	4000	4000	1	4000
1982	14	1	5213	5213	1	5213
1983	1	-1	-1	37	-1	-1
1983	2	34	320	185	0.08	185
1983	3	1010	1006	481	0.301	481
1983	4	1589	1496	910	0.539	910
1983	5	4596	1921	1409	0.722	1409
1983	6	9850	2371	1968	0.821	1968
1983	7	8839	2873	2496	0.868	2496
1983	8	766	3678	3077	0.904	3077
1983	9	207	4265	3300	0.963	3300
1983	10	263	4463	4463	1	4463
1983	11	17	5101	5101	1	5101
1983	12	0	4000	4000	1	4000
1983	13	0	4000	4000	1	4000
1983	14	0	4000	4000	1	4000
1984	1	-1	-1	37	-1	-1
1984	2	241	691	185	0.08	185
1984	3	1069	1007	481	0.301	481
1984	4	4946	1544	910	0.539	910
1984	5	1341	2120	1409	0.722	1409
1984	6	4772	2514	1968	0.821	1968
1984	7	3742	3027	2496	0.868	2496
1984	8	4076	2940	3077	0.904	3077
1984	9	238	3906	3300	0.963	3300
1984	10	58	3941	3941	1	3941
1984	11	19	4138	4138	1	4138
1984	12	3	5155	5155	1	5155
1984	13	0	4000	4000	1	4000
1984	14	0	4000	4000	1	4000
1985	1	-1	-1	35	0	35
1985	2	1320	652	244	0.016	244
1985	3	1728	1125	567	0.144	567
1985	4	4562	1811	1191	0.536	1191
1985	5	6796	2260	1683	0.577	1683
1985	6	855	2924	2395	0.765	2395
1985	7	1682	3547	2790	0.766	2790
1985	8	1914	3733	3220	0.961	3220
1985	9	1903	4039	3350	0.933	3350
1985	10	212	4564	3731	0.977	3731
1985	11	31	4930	4106	1	4106
1985	12	49	4852	4239	1	4239
1985	13	4	5209	5209	1	5209
1985	14	0	4000	4000	1	4000
1986	1	-1	-1	35	0	35
1986	2	1012	336	238	0.021	238
1986	3	4223	1227	670	0.205	670
1986	4	4068	1780	1135	0.413	1135
1986	5	4686	2431	1960	0.673	1960
1986	6	5139	2771	2418	0.845	2418
1986	7	494	3689	3215	0.884	3215
1986	8	796	3820	3305	0.951	3305
1986	9	897	4258	3743	0.986	3743
1986	10	344	4436	3689	0.998	3689
1986	11	27	3863	4346	1	4346
1986	12	29	5241	4613	0.918	4613
1986	13	0	4000	4533	1	4533
1986	14	0	4000	4000	1	4000
1987	1	-1	-1	31	0	31
1987	2	1939	452	163	0.02	163
1987	3	8308	1064	515	0.146	515
1987	4	6965	1692	1221	0.488	1221
1987	5	2728	2408	1758	0.598	1758
1987	6	2042	3000	2593	0.879	2593
1987	7	1094	3565	3008	0.901	3008
1987	8	132	4215	3504	1	3504
1987	9	165	4502	3877	0.988	3877
1987	10	220	3653	3847	0.955	3847
1987	11	89	4877	3204	0.989	3204
1987	12	14	3814	5335	1	5335
1987	13	6	5279	5279	1	5279
1987	14	10	4163	3751	1	3751
1988	1	-1	-1	37	0	37
1988	2	237	362	176	0.013	176
1988	3	9831	780	455	0.221	455
1988	4	15164	1474	976	0.394	976
1988	5	5824	2217	1845	0.768	1845
1988	6	1304	2931	2698	0.792	2698
1988	7	1084	3529	3096	0.928	3096
1988	8	609	3781	3440	0.913	3440
1988	9	66	4467	3172	1	3172
1988	10	89	4169	4196	0.938	4196
1988	11	96	4560	5370	1	5370
1988	12	24	4631	4509	0.966	4509
1988	13	2	5293	5370	1	5370
1988	14	2	5293	5293	1	5293
1989	1	-1	-1	27	0	27
1989	2	188	323	181	0.041	181
1989	3	2474	857	439	0.201	439
1989	4	22560	1185	889	0.532	889
1989	5	9571	1996	1512	0.723	1512
1989	6	3196	2893	2359	0.802	2359
1989	7	513	4066	2891	1	2891
1989	8	556	3866	3488	1	3488
1989	9	144	4734	3235	1	3235
1989	10	34	5039	3725	1	3725
1989	11	40	5015	2837	1	2837
1989	12	36	4975	4975	1	4975
1989	13	14	5338	5342	1	5342
1989	14	17	4575	4575	1	4575
1990	1	-1	-1	29	0	29
1990	2	1857	269	184	0.113	184
1990	3	2415	700	457	0.326	457
1990	4	8628	1054	844	0.633	844
1990	5	23611	1562	1232	0.816	1232
1990	6	6331	2364	1979	0.843	1979
1990	7	816	3414	2700	0.918	2700
1990	8	150	4134	3042	0.897	3042
1990	9	67	4946	3305	1	3305
1990	10	45	4115	4115	1	4115
1990	11	13	4682	4682	1	4682
1990	12	7	5220	5220	1	5220
1990	13	2	5183	5559	1	5559
1990	14	7	5204	5204	1	5204
1991	1	-1	-1	31	0	31
1991	2	8617	288	176	0.063	176
1991	3	2145	699	499	0.224	499
1991	4	5397	979	1007	0.591	1007
1991	5	7342	1412	1417	0.739	1417
1991	6	14103	1887	1887	0.819	1887
1991	7	2648	2674	2504	0.894	2504
1991	8	338	3135	3780	0.495	3780
1991	9	40	4341	3699	1	3699
1991	10	10	5243	5523	1	5523
1991	11	5	3427	3427	1	3427
1991	12	0	4000	5523	1	5523
1991	13	12	5356	5356	1	5356
1991	14	0	4000	4000	1	4000
1992	1	-1	-1	28	0	28
1992	2	5405	313	157	0.05	157
1992	3	10693	806	502	0.226	502
1992	4	5721	1167	898	0.419	898
1992	5	4610	1524	1359	0.804	1359
1992	6	3691	1950	1856	0.906	1856
1992	7	5209	2357	2314	0.903	2314
1992	8	999	3075	2965	0.859	2965
1992	9	120	4053	3715	1	3715
1992	10	10	4674	5182	1	5182
1992	11	4	4503	4503	1	4503
1992	12	2	5250	5250	1	5250
1992	13	0	4000	4000	1	4000
1992	14	0	4000	4000	1	4000
1993	1	-1	-1	40	0.5	40
1993	2	769	303	173	0.123	173
1993	3	12333	705	383	0.364	383
1993	4	12815	1333	881	0.488	881
1993	5	2968	1875	1486	0.668	1486
1993	6	1722	2386	1782	0.905	1782
1993	7	1425	2996	2567	0.977	2567
1993	8	2239	3059	2564	0.91	2564
1993	9	343	3363	3263	0.867	3263
1993	10	19	4047	4047	1	4047
1993	11	1	5294	5294	1	5294
1993	12	1	5294	5294	1	5294
1993	13	17	4709	4709	1	4709
1993	14	0	4000	4000	1	4000
1994	1	-1	-1	33	0.035	33
1994	2	3198	337	179	0.256	179
1994	3	3343	668	401	0.317	401
1994	4	28258	1019	696	0.599	696
1994	5	10682	1717	1243	0.785	1243
1994	6	1469	2391	1686	0.859	1686
1994	7	726	2717	1643	1	1643
1994	8	358	3280	2701	0.879	2701
1994	9	647	3156	1906	1	1906
1994	10	93	3154	1317	1	1317
1994	11	11	3897	3897	1	3897
1994	12	1	5258	5258	1	5258
1994	13	3	4190	4190	1	4190
1994	14	0	4000	4000	1	4000
1995	1	-1	-1	37	0	37
1995	2	4015	351	164	0.13	164
1995	3	7323	746	444	0.48	444
1995	4	5744	1096	762	0.387	762
1995	5	23927	1318	1061	0.757	1061
1995	6	5769	2044	1857	0.754	1857
1995	7	615	2893	2670	0.613	2670
1995	8	290	3049	5323	0.986	5323
1995	9	187	3675	1313	1	1313
1995	10	268	3119	3119	1	3119
1995	11	52	3220	3220	1	3220
1995	12	3	1640	1640	1	1640
1995	13	8	3753	3753	1	3753
1995	14	0	4000	4000	1	4000
1996	1	-1	-1	40	0	40
1996	2	3090	311	173	0.199	173
1996	3	10552	787	447	0.378	447
1996	4	7639	1187	807	0.597	807
1996	5	4468	1560	1054	0.635	1054
1996	6	12896	1849	1448	0.793	1448
1996	7	2346	2670	2144	0.745	2144
1996	8	208	3510	2362	0.945	2362
1996	9	79	3567	4813	0.897	4813
1996	10	60	3686	2189	1	2189
1996	11	51	3846	3846	1	3846
1996	12	14	3508	3508	1	3508
1996	13	0	4000	3747	1	3747
1996	14	0	4000	4000	1	4000
1997	1	-1	-1	50	0.015	50
1997	2	1364	379	173	0.093	173
1997	3	3939	764	423	0.432	423
1997	4	10915	1163	816	0.583	816
1997	5	4895	1649	1224	0.68	1224
1997	6	2610	1943	1422	0.751	1422
1997	7	5035	2342	1880	0.788	1880
1997	8	719	3020	2370	0.875	2370
1997	9	64	3337	3733	1	3733
1997	10	12	3508	3575	1	3575
1997	11	16	4028	4092	1	4092
1997	12	40	2815	2177	1	2177
1997	13	1	4133	4133	1	4133
1997	14	0	4000	4000	1	4000
1998	1	-1	-1	41	0	41
1998	2	279	445	202	0.03	202
1998	3	8257	724	405	0.485	405
1998	4	5667	1147	740	0.68	740
1998	5	7856	1683	1224	0.776	1224
1998	6	2418	2250	1672	0.751	1672
1998	7	1422	2475	1986	0.855	1986
1998	8	1897	2834	2334	0.9	2334
1998	9	261	3333	3082	1	3082
1998	10	17	3275	3275	1	3275
1998	11	16	3701	3701	1	3701
1998	12	4	3630	3630	1	3630
1998	13	3	3806	3806	1	3806
1998	14	5	4202	4202	1	4202
1999	1	-1	-1	34	0	34
1999	2	1434	555	205	0.049	205
1999	3	1550	908	481	0.389	481
1999	4	17243	1101	715	0.681	715
1999	5	4516	1658	1190	0.726	1190
1999	6	4837	2216	1931	0.757	1931
1999	7	915	2659	2383	0.896	2383
1999	8	620	2928	2721	0.773	2721
1999	9	481	3209	2929	0.92	2929
1999	10	63	3534	2540	1	2540
1999	11	0	4000	4000	1	4000
1999	12	0	4000	4000	1	4000
1999	13	1	2159	2159	1	2159
1999	14	0	4000	4000	1	4000
2000	1	-1	-1	29	0	29
2000	2	2659	495	178	0.105	178
2000	3	6317	978	553	0.252	553
2000	4	2352	1333	892	0.624	892
2000	5	13615	1481	1145	0.81	1145
2000	6	1945	2119	1692	0.875	1692
2000	7	1706	2696	2606	0.874	2606
2000	8	324	3307	2913	1	2913
2000	9	222	3597	3157	0.777	3157
2000	10	176	3734	3331	0.956	3331
2000	11	12	4142	3755	1	3755
2000	12	2	5574	5574	1	5574
2000	13	0	4000	4000	1	4000
2000	14	2	1648	1648	1	1648
2001	1	-1	-1	36	0.2	36
2001	2	2515	541	188	0.1	188
2001	3	11098	945	486	0.378	486
2001	4	6954	1456	1053	0.52	1053
2001	5	1446	1731	1434	0.752	1434
2001	6	6262	1832	1498	0.898	1498
2001	7	675	2243	2166	0.921	2166
2001	8	478	3020	2759	0.917	2759
2001	9	105	3328	3300	1	3300
2001	10	42	4715	3904	1	3904
2001	11	52	3849	3849	1	3849
2001	12	0	4000	4000	1	4000
2001	13	0	4000	4000	1	4000
2001	14	0	4000	4000	1	4000
2002	1	-1	-1	63	0	63
2002	2	1082	564	172	0.047	172
2002	3	10434	928	474	0.283	474
2002	4	15998	1253	892	0.63	892
2002	5	5099	1737	1465	0.801	1465
2002	6	1131	2219	1955	0.935	1955
2002	7	3149	2230	2017	0.933	2017
2002	8	262	2911	1966	1	1966
2002	9	169	3365	3562	1	3562
2002	10	42	4078	4939	1	4939
2002	11	33	4551	4071	1	4071
2002	12	19	4479	4479	1	4479
2002	13	6	5358	5358	1	5358
2002	14	0	4000	4000	1	4000
2003	1	-1	-1	40	0.5	40
2003	2	401	498	230	0.062	230
2003	3	6352	922	412	0.346	412
2003	4	16265	1283	800	0.685	800
2003	5	12548	1704	1259	0.868	1259
2003	6	2968	2274	1870	0.922	1870
2003	7	748	2744	3139	0.947	3139
2003	8	1236	2635	2312	0.984	2312
2003	9	91	2819	3302	1	3302
2003	10	48	3289	4219	1	4219
2003	11	11	4157	2785	1	2785
2003	12	6	5295	5295	1	5295
2003	13	5	5313	3651	1	3651
2003	14	0	4000	4000	1	4000
2004	1	-1	-1	34	0	34
2004	2	1597	559	176	0.037	176
2004	3	4063	1006	556	0.361	556
2004	4	17652	1258	807	0.569	807
2004	5	19358	1579	1280	0.829	1280
2004	6	8871	2044	1685	0.912	1685
2004	7	1940	2809	2441	1	2441
2004	8	471	3123	2914	1	2914
2004	9	489	2945	2921	1	2921
2004	10	92	3957	3957	1	3957
2004	11	36	3146	1312	1	1312
2004	12	15	2827	3561	1	3561
2004	13	0	4000	4000	1	4000
2004	14	12	5249	5249	1	5249
2005	1	-1	-1	41	0	41
2005	2	2405	339	153	0.024	153
2005	3	9450	886	448	0.231	448
2005	4	6929	1265	920	0.564	920
2005	5	25421	1506	1188	0.751	1188
2005	6	13778	1916	1564	0.923	1564
2005	7	4584	2323	2103	0.937	2103
2005	8	809	3028	2791	0.968	2791
2005	9	251	3211	2549	1	2549
2005	10	212	2755	3578	1	3578
2005	11	3	4053	4960	1	4960
2005	12	19	4019	4019	1	4019
2005	13	3	4158	4158	1	4158
2005	14	0	4000	4000	1	4000
2006	1	-1	-1	33	0	33
2006	2	241	402	128	0.027	128
2006	3	10038	749	333	0.117	333
2006	4	21246	1093	736	0.461	736
2006	5	6646	1495	1137	0.614	1137
2006	6	18840	1758	1512	0.739	1512
2006	7	7600	2163	1928	0.919	1928
2006	8	2180	2555	2231	1	2231
2006	9	323	3054	3269	1	3269
2006	10	93	3617	2975	1	2975
2006	11	109	3566	3566	1	3566
2006	12	0	4000	4000	1	4000
2006	13	0	4000	4000	1	4000
2006	14	0	4000	4000	1	4000
2007	1	-1	-1	48	0	48
2007	2	782	510	170	0.078	170
2007	3	3884	748	350	0.208	350
2007	4	42224	988	615	0.417	615
2007	5	22239	1346	1053	0.68	1053
2007	6	3354	1840	1498	0.758	1498
2007	7	9952	2062	1787	0.875	1787
2007	8	2740	2350	2075	0.959	2075
2007	9	519	2525	2164	1	2164
2007	10	62	2408	3421	1	3421
2007	11	30	3360	3360	1	3360
2007	12	33	2303	2303	1	2303
2007	13	24	3338	3338	1	3338
2007	14	32	5082	5082	1	5082
2008	1	-1	-1	27	0	27
2008	2	2316	383	179	0.027	179
2008	3	4508	636	383	0.263	383
2008	4	9706	857	593	0.416	593
2008	5	53022	1125	868	0.621	868
2008	6	11014	1575	1294	0.828	1294
2008	7	1717	2149	1831	0.87	1831
2008	8	3033	2417	2205	0.904	2205
2008	9	815	2802	2286	0.974	2286
2008	10	167	2568	2732	1	2732
2008	11	20	2840	2840	1	2840
2008	12	5	2727	5163	1	5163
2008	13	0	4000	4000	1	4000
2008	14	0	4000	4000	1	4000
2009	1	-1	-1	29	0	29
2009	2	1066	452	139	0.017	139
2009	3	3185	841	442	0.3	442
2009	4	4886	960	686	0.467	686
2009	5	8892	1131	883	0.576	883
2009	6	35011	1352	1138	0.848	1138
2009	7	5733	1757	1494	0.89	1494
2009	8	726	2364	1912	1	1912
2009	9	1381	2497	2551	0.967	2551
2009	10	395	3070	2801	1	2801
2009	11	97	3016	3376	1	3376
2009	12	17	3488	3488	1	3488
2009	13	0	4000	4000	1	4000
2009	14	0	4000	4000	1	4000
2010	1	-1	-1	32	1	32
2010	2	121	447	150	0.029	150
2010	3	6032	756	392	0.186	392
2010	4	7061	1092	774	0.617	774
2010	5	4806	1294	934	0.781	934
2010	6	6766	1448	1181	0.789	1181
2010	7	17503	1685	1462	0.888	1462
2010	8	1874	2188	1788	0.935	1788
2010	9	354	2366	2039	1	2039
2010	10	412	2657	2681	0.957	2681
2010	11	97	2639	2892	1	2892
2010	12	19	2439	2907	1	2907
2010	13	0	4000	4000	1	4000
2010	14	0	4000	4000	1	4000
2011	1	-1	-1	35	0	35
2011	2	253	588	175	0.045	175
2011	3	1584	905	442	0.176	442
2011	4	11797	1122	757	0.426	757
2011	5	5080	1455	1129	0.823	1129
2011	6	2853	1688	1305	0.816	1305
2011	7	3983	1914	1584	0.838	1584
2011	8	6220	2094	1866	0.899	1866
2011	9	494	2455	2109	0.974	2109
2011	10	112	2919	3096	1	3096
2011	11	58	2953	2399	1	2399
2011	12	13	3706	4150	1	4150
2011	13	0	4000	4000	1	4000
2011	14	0	4000	4000	1	4000
2012	1	-1	-1	28	0	28
2012	2	196	668	202	0.106	202
2012	3	1322	978	482	0.167	482
2012	4	3421	1222	801	0.445	801
2012	5	13107	1492	1145	0.627	1145
2012	6	2223	1903	1480	0.819	1480
2012	7	1231	2164	1909	0.903	1909
2012	8	2480	2366	2072	0.853	2072
2012	9	2662	2704	2353	0.911	2353
2012	10	241	2765	2350	1	2350
2012	11	49	3431	2207	0.799	2207
2012	12	56	2924	3211	1	3211
2012	13	19	3367	3054	1	3054
2012	14	5	5117	4000	1	4000
2013	1	-1	-1	33	-1	-1
2013	2	250	678	201	0.046	201
2013	3	1042	1084	589	0.223	589
2013	4	2865	1358	967	0.381	967
2013	5	4008	1675	1312	0.714	1312
2013	6	9222	2036	1710	0.793	1710
2013	7	1206	2400	1999	0.92	1999
2013	8	668	2554	2265	0.986	2265
2013	9	1248	3097	2764	0.974	2764
2013	10	1367	3111	2709	0.992	2709
2013	11	149	2838	2529	0.945	2529
2013	12	54	3634	2885	1	2885
2013	13	17	2264	1788	1	1788
2013	14	12	3523	3352	1	3352
2014	1	-1	-1	36	-1	-1
2014	2	238	536	222	0.107	222
2014	3	1478	1080	570	0.192	570
2014	4	1751	1433	1005	0.391	1005
2014	5	2725	1793	1372	0.567	1372
2014	6	2737	2121	1751	0.675	1751
2014	7	4742	2504	2141	0.735	2141
2014	8	447	2624	2298	0.925	2298
2014	9	387	3178	2653	0.906	2653
2014	10	586	3272	3104	0.883	3104
2014	11	652	3445	3153	1	3153
2014	12	90	3254	3162	1	3162
2014	13	27	2829	4000	1	3054
2014	14	48	3467	3582	1	3582
2015	1	-1	-1	32	-1	-1
2015	2	232	573	255	0.138	255
2015	3	1532	1084	614	0.283	614
2015	4	4155	1486	1073	0.445	1073
2015	5	2317	2011	1637	0.667	1637
2015	6	2916	2332	1926	0.795	1926
2015	7	2623	2823	2452	0.772	2452
2015	8	2715	3306	2774	0.892	2774
2015	9	226	3258	3170	1	3170
2015	10	286	3911	3173	0.889	3173
2015	11	261	3926	3577	1	3577
2015	12	235	3476	3356	1	3356
2015	13	24	3948	4000	1	3500
2015	14	17	2726	3718	1	3718
2016	1	-1	-1	29	0	29
2016	2	481	513	162	0.008	162
2016	3	1773	1071	642	0.361	642
2016	4	3437	1590	1101	0.486	1101
2016	5	4130	2035	1565	0.594	1565
2016	6	1727	2607	2094	0.779	2094
2016	7	1953	2952	2296	0.787	2296
2016	8	1420	3616	3067	0.882	3067
2016	9	1293	3734	3479	0.914	3479
2016	10	113	3679	3245	1	3245
2016	11	157	4115	3251	1	3251
2016	12	138	4370	3933	0.926	3933
2016	13	47	4237	3542	0.937	3542
2016	14	0	4000	3409	1	3409
2017	1	-1	-1	34	0	34
2017	2	543	668	197	0.073	197
2017	3	3500	1014	459	0.131	459
2017	4	3018	1598	1258	0.591	1258
2017	5	2962	2054	1657	0.664	1657
2017	6	3097	2559	2162	0.741	2162
2017	7	1104	3027	2768	0.911	2768
2017	8	1205	3523	3200	0.939	3200
2017	9	758	3842	3558	1	3558
2017	10	626	3828	3494	0.975	3494
2017	11	134	4010	4011	1	4011
2017	12	64	3887	3426	0.803	3426
2017	13	85	4401	4238	1	4238
2017	14	58	4459	4548	1	4548
