#year	age	cno	cwt	swt	mat	ssbwt
1955	1	-1	-1	15	-1	-1
1955	2	-1	-1	141	-1	-1
1955	3	4790	827	250	0.019	645
1955	4	25164	1307	588	0.022	1019
1955	5	46566	2157	1439	0.033	1833
1955	6	28287	3617	2901	0.181	3183
1955	7	10541	4638	3923	0.577	4128
1955	8	5224	5657	4944	0.782	5657
1955	9	2467	6635	5923	0.834	6635
1955	10	25182	6168	6168	0.96	6168
1955	11	2101	8746	8746	1	8746
1955	12	1202	8829	8829	1	8829
1955	13	1668	10086	10086	1	10086
1955	14	665	14584	14584	1	14584
1956	1	-1	-1	15	-1	-1
1956	2	-1	-1	141	-1	-1
1956	3	6709	1080	360	0.019	645
1956	4	17265	1600	881	0.025	1248
1956	5	31030	2190	1472	0.033	1862
1956	6	27793	3280	2563	0.111	2886
1956	7	14389	4650	3935	0.577	4138
1956	8	4261	5630	4917	0.782	5630
1956	9	3429	6180	5467	0.818	6180
1956	10	2128	6970	6970	0.98	6970
1956	11	16820	6830	6830	0.98	6830
1956	12	1552	9290	9290	1	9290
1956	13	1522	10965	10965	1	10965
1956	14	1545	12954	12954	1	12954
1957	1	-1	-1	15	-1	-1
1957	2	-1	-1	141	-1	-1
1957	3	13240	1140	420	0.019	645
1957	4	21278	1710	991	0.026	1334
1957	5	17515	2520	1802	0.043	2142
1957	6	24569	3200	2483	0.1	2816
1957	7	17634	4560	3845	0.549	4058
1957	8	12296	5960	5247	0.801	5960
1957	9	3568	7170	6459	0.842	7170
1957	10	2169	7260	7260	0.99	7260
1957	11	1171	8300	8300	1	8300
1957	12	6822	8290	8290	1	8290
1957	13	512	10350	10350	1	10350
1957	14	1089	13174	13174	1	13174
1958	1	-1	-1	15	-1	-1
1958	2	-1	-1	141	-1	-1
1958	3	25237	1210	490	0.019	645
1958	4	30742	1810	1091	0.028	1412
1958	5	14298	3120	2403	0.086	2652
1958	6	10859	4510	3795	0.52	3969
1958	7	15997	5000	4286	0.682	4450
1958	8	15822	5940	5227	0.801	5940
1958	9	12021	6640	5928	0.834	6640
1958	10	2003	8290	8290	1	8290
1958	11	2125	8510	8510	1	8510
1958	12	771	8840	8840	1	8840
1958	13	3508	9360	9360	1	9360
1958	14	723	13097	13097	1	13097
1959	1	-1	-1	15	-1	-1
1959	2	-1	-1	141	-1	-1
1959	3	18394	1110	390	0.019	645
1959	4	37650	1950	1231	0.029	1521
1959	5	23901	2930	2213	0.07	2490
1959	6	7682	4520	3805	0.535	3978
1959	7	5883	5520	4806	0.772	4913
1959	8	8791	6170	5457	0.818	6170
1959	9	13003	6610	5898	0.834	6610
1959	10	7683	7130	7130	0.99	7130
1959	11	914	8510	8510	1	8510
1959	12	990	8670	8670	1	8670
1959	13	218	9980	9980	1	9980
1959	14	1287	11276	11276	1	11276
1960	1	-1	-1	15	-1	-1
1960	2	-1	-1	141	-1	-1
1960	3	14830	1060	340	0.019	645
1960	4	28642	1720	1001	0.026	1342
1960	5	27968	2920	2203	0.066	2482
1960	6	14120	4640	3925	0.577	4083
1960	7	8387	5660	4947	0.782	5037
1960	8	6089	6550	5838	0.826	6550
1960	9	6393	6910	6198	0.834	6910
1960	10	11600	7140	7140	0.99	7140
1960	11	3526	7970	7970	1	7970
1960	12	692	10240	10240	1	10240
1960	13	183	10100	10100	1	10100
1960	14	510	12871	12871	1	12871
1961	1	-1	-1	15	-1	-1
1961	2	-1	-1	141	-1	-1
1961	3	16507	1020	300	0.019	645
1961	4	21808	1670	951	0.025	1303
1961	5	19488	2700	1982	0.053	2295
1961	6	15034	4330	3615	0.45	3810
1961	7	7900	5530	4816	0.772	4922
1961	8	6925	6310	5597	0.818	6310
1961	9	3969	6930	6218	0.834	6930
1961	10	3211	7310	7310	0.99	7310
1961	11	6756	7500	750	0.99	750
1961	12	1202	8510	8510	1	8510
1961	13	89	9840	9840	1	9840
1961	14	425	14550	14550	1	14550
1962	1	-1	-1	15	-1	-1
1962	2	-1	-1	141	-1	-1
1962	3	13514	990	270	0.019	645
1962	4	28526	1610	891	0.025	1256
1962	5	18924	2610	1892	0.048	2218
1962	6	14650	3900	3184	0.281	3432
1962	7	12045	5720	5007	0.791	5091
1962	8	4276	6660	5948	0.834	6660
1962	9	8809	6750	6038	0.834	6750
1962	10	2664	7060	7060	0.99	7060
1962	11	1883	7540	7540	0.99	7540
1962	12	2988	8280	8280	1	8280
1962	13	405	10900	10900	1	10900
1962	14	324	12826	12826	1	12826
1963	1	-1	-1	15	-1	-1
1963	2	-1	-1	141	-1	-1
1963	3	18507	1250	530	0.019	645
1963	4	28466	1650	931	0.025	1287
1963	5	19664	2640	1922	0.048	2244
1963	6	11314	3800	3084	0.237	3344
1963	7	15682	5110	4396	0.706	4548
1963	8	7704	6920	6208	0.834	6920
1963	9	2724	7840	7130	0.849	7840
1963	10	6508	7610	7610	1	7610
1963	11	1657	8230	8230	1	8230
1963	12	1030	9100	9100	1	9100
1963	13	1372	9920	9920	1	9920
1963	14	246	11553	11553	1	11553
1964	1	-1	-1	15	-1	-1
1964	2	-1	-1	141	-1	-1
1964	3	19287	1210	490	0.019	645
1964	4	28845	1750	1031	0.026	1365
1964	5	18712	2640	1922	0.048	2244
1964	6	11620	4020	3304	0.329	3538
1964	7	7936	5450	4736	0.762	4850
1964	8	18032	6460	5748	0.826	6460
1964	9	5040	8000	7290	0.849	8000
1964	10	1437	9940	9940	1	9940
1964	11	2670	9210	9210	1	9210
1964	12	655	10940	10940	1	10940
1964	13	370	12670	12670	1	12670
1964	14	1025	15900	15900	1	15900
1965	1	-1	-1	15	-1	-1
1965	2	-1	-1	141	-1	-1
1965	3	21658	1020	300	0.019	645
1965	4	29586	1530	811	0.025	1193
1965	5	24783	2570	1852	0.045	2184
1965	6	11706	4090	3374	0.354	3599
1965	7	9334	5410	4696	0.751	4815
1965	8	6394	6400	5688	0.826	6400
1965	9	11122	7120	6409	0.842	7120
1965	10	1477	8600	8600	1	8600
1965	11	823	12310	12310	1	12310
1965	12	489	10460	10460	1	10460
1965	13	118	10190	10190	1	10190
1965	14	489	17220	17220	1	17220
1966	1	-1	-1	15	-1	-1
1966	2	-1	-1	141	-1	-1
1966	3	17910	1170	450	0.019	645
1966	4	30649	1680	961	0.026	1310
1966	5	20006	2590	1872	0.045	2202
1966	6	13872	4180	3465	0.394	3678
1966	7	5942	5730	5017	0.791	5100
1966	8	7586	6900	6188	0.849	6900
1966	9	2320	7830	7120	0.849	7830
1966	10	5583	8580	8580	1	8580
1966	11	407	9090	9090	1	9090
1966	12	363	14230	14230	1	14230
1966	13	299	14090	14090	1	14090
1966	14	311	17924	17924	1	17924
1967	1	-1	-1	15	-1	-1
1967	2	-1	-1	141	-1	-1
1967	3	25945	1120	400	0.019	645
1967	4	27941	1820	1101	0.028	1420
1967	5	24322	2660	1942	0.051	2261
1967	6	11320	4067	3351	0.341	3579
1967	7	8751	5560	4846	0.772	4948
1967	8	2595	7790	7079	0.842	7790
1967	9	5490	7840	7130	0.849	7840
1967	10	1392	8430	8430	1	8430
1967	11	1998	9090	9090	1	9090
1967	12	109	10090	10090	1	10090
1967	13	30	14240	14240	1	14240
1967	14	106	16412	16412	1	16412
1968	1	-1	-1	15	-1	-1
1968	2	-1	-1	141	-1	-1
1968	3	11933	1170	450	0.019	645
1968	4	47311	1590	871	0.025	1240
1968	5	22344	2680	1962	0.051	2278
1968	6	16277	3930	3214	0.292	3458
1968	7	15590	5040	4326	0.682	4486
1968	8	7059	5910	5197	0.801	5910
1968	9	1571	7510	6799	0.842	7510
1968	10	2506	8480	8480	1	8480
1968	11	512	10750	10750	1	10750
1968	12	659	11580	11580	1	11580
1968	13	47	14640	14640	1	14640
1968	14	98	16011	16011	1	16011
1969	1	-1	-1	15	-1	-1
1969	2	-1	-1	141	-1	-1
1969	3	11149	1100	380	0.019	645
1969	4	23925	1810	1091	0.028	1412
1969	5	45445	2480	1762	0.043	2108
1969	6	17397	3770	3054	0.227	3318
1969	7	12559	5040	4326	0.682	4486
1969	8	14811	5860	5147	0.801	5860
1969	9	1590	7000	6288	0.842	7000
1969	10	475	8350	8350	1	8350
1969	11	340	8720	8720	1	8720
1969	12	64	10080	10080	1	10080
1969	13	24	11430	11430	1	11430
1969	14	21	13144	13144	1	13144
1970	1	-1	-1	15	-1	-1
1970	2	-1	-1	141	-1	-1
1970	3	9876	990	270	0.019	645
1970	4	47210	1450	731	0.023	1131
1970	5	23607	2440	1722	0.041	2074
1970	6	25451	3770	3054	0.227	3318
1970	7	15196	4860	4145	0.644	4325
1970	8	12261	5590	4876	0.772	5590
1970	9	14469	6260	5547	0.818	6260
1970	10	567	8370	8370	1	8370
1970	11	207	10490	10490	1	10490
1970	12	147	12310	12310	1	12310
1970	13	35	14590	14590	1	14590
1970	14	50	21777	21777	1	21777
1971	1	-1	-1	15	-1	-1
1971	2	-1	-1	141	-1	-1
1971	3	13060	1090	370	0.019	645
1971	4	35856	1570	851	0.025	1225
1971	5	45577	2310	1592	0.037	1964
1971	6	21135	2980	2263	0.074	2622
1971	7	17340	4930	4216	0.657	4388
1971	8	10924	5150	4436	0.706	5150
1971	9	6001	5580	4866	0.772	5580
1971	10	4210	6300	5587	0.979	6300
1971	11	237	8530	7821	0.994	8530
1971	12	69	11240	10534	0.982	11240
1971	13	38	14740	14039	0.993	14740
1971	14	20	17130	16432	1	17130
1972	1	-1	-1	15	-1	-1
1972	2	-1	-1	141	-1	-1
1972	3	8973	980	260	0.019	645
1972	4	29574	1460	741	0.023	1139
1972	5	30918	2210	1492	0.035	1878
1972	6	22855	3250	2533	0.106	2860
1972	7	11097	4330	3615	0.45	3854
1972	8	9784	5610	4896	0.772	5610
1972	9	10538	6040	5327	0.809	6040
1972	10	3938	6100	5387	0.979	6100
1972	11	1242	6870	6158	0.994	6870
1972	12	119	8950	8241	0.982	8950
1972	13	31	11720	11015	0.993	11720
1972	14	1	16000	15301	1	16000
1973	1	-1	-1	15	-1	-1
1973	2	-1	-1	141	-1	-1
1973	3	36538	1030	310	0.022	645
1973	4	25542	1420	701	0.028	1108
1973	5	27391	2470	1752	0.163	2100
1973	6	17045	3600	2884	0.382	3168
1973	7	12721	4900	4185	0.697	4361
1973	8	3685	6110	5397	0.801	6110
1973	9	4718	6670	5958	0.834	6670
1973	10	5809	6750	6750	0.996	6750
1973	11	1134	7430	7430	0.996	7430
1973	12	282	7950	7950	1	7950
1973	13	7	10170	10170	1	10170
1973	14	1	17000	17000	1	17000
1974	1	-1	-1	15	-1	-1
1974	2	-1	-1	141	-1	-1
1974	3	14846	1050	330	0.02	645
1974	4	61826	1710	991	0.031	1334
1974	5	21824	2430	1712	0.085	2066
1974	6	14413	3820	3104	0.346	3362
1974	7	8974	5240	4526	0.636	4664
1974	8	6216	6660	5948	0.79	6660
1974	9	1647	7150	6439	0.818	7150
1974	10	2530	7760	7760	0.989	7760
1974	11	1765	8190	8190	1	8190
1974	12	334	9780	9780	1	9780
1974	13	62	12380	12380	1	12380
1974	14	28	14700	14700	1	14700
1975	1	-1	-1	15	-1	-1
1975	2	-1	-1	141	-1	-1
1975	3	29301	1100	380	0.02	645
1975	4	29489	1770	1051	0.035	1381
1975	5	44138	2780	2063	0.118	2363
1975	6	12088	3760	3044	0.287	3309
1975	7	9628	5450	4736	0.715	4850
1975	8	3691	6690	5978	0.809	6690
1975	9	2051	7570	6859	0.839	7570
1975	10	752	8580	8580	1	8580
1975	11	891	8810	8810	1	8810
1975	12	416	9780	9780	1	9780
1975	13	60	10090	10090	1	10090
1975	14	46	11000	11000	1	11000
1976	1	-1	-1	15	-1	-1
1976	2	-1	-1	141	-1	-1
1976	3	23578	1350	631	0.025	645
1976	4	39790	1780	1061	0.026	1388
1976	5	21092	2650	1932	0.086	2252
1976	6	24395	4100	3384	0.253	3608
1976	7	5803	5070	4356	0.406	4512
1976	8	5343	6730	6018	0.797	6730
1976	9	1297	8250	7540	0.841	8250
1976	10	633	9610	9610	1	9610
1976	11	205	11540	11540	1	11540
1976	12	155	11430	11430	1	11430
1976	13	65	14060	14060	1	14060
1976	14	29	16180	16180	1	16180
1977	1	-1	-1	15	-1	-1
1977	2	-1	-1	141	-1	-1
1977	3	2614	1259	539	0.019	645
1977	4	42659	1911	1192	0.024	1491
1977	5	32465	2856	2139	0.06	2428
1977	6	12162	4069	3353	0.382	3581
1977	7	13017	5777	5064	0.742	5142
1977	8	2809	6636	5924	0.817	6636
1977	9	1773	7685	6974	0.842	7685
1977	10	421	9730	9730	1	9730
1977	11	86	11703	11703	1	11703
1977	12	24	14394	14394	1	14394
1977	13	6	17456	17456	1	17456
1977	14	2	24116	24116	1	24116
1978	1	-1	-1	15	-1	-1
1978	2	-1	-1	141	-1	-1
1978	3	5999	1289	570	0.025	645
1978	4	16287	1833	1114	0.025	1430
1978	5	43931	2929	2212	0.052	2490
1978	6	17626	3955	3239	0.192	3480
1978	7	8729	5726	5013	0.737	5096
1978	8	4119	6806	6094	0.82	6806
1978	9	978	9041	8332	0.836	9041
1978	10	348	10865	10865	1	10865
1978	11	119	13068	13068	1	13068
1978	12	48	11982	11982	1	11982
1978	13	15	19062	19062	1	19062
1978	14	27	21284	21284	1	21284
1979	1	-1	-1	15	-1	-1
1979	2	-1	-1	141	-1	-1
1979	3	7186	1408	689	0.019	645
1979	4	28427	1956	1237	0.021	1526
1979	5	13772	2642	1924	0.053	2246
1979	6	34443	3999	3283	0.282	3519
1979	7	14130	5548	4834	0.635	4938
1979	8	4426	6754	6042	0.79	6754
1979	9	1432	8299	7589	0.836	8299
1979	10	350	9312	9312	0.919	9312
1979	11	168	13130	13130	1	13130
1979	12	43	13418	13418	1	13418
1979	13	24	13540	13540	1	13540
1979	14	4	20072	20072	1	20072
1980	1	-1	-1	15	-1	-1
1980	2	-1	-1	141	-1	-1
1980	3	4348	1392	673	0.026	645
1980	4	28530	1862	1143	0.021	1452
1980	5	32500	2733	2016	0.047	2323
1980	6	15119	3768	3052	0.225	3316
1980	7	27090	5259	4545	0.653	4681
1980	8	7847	6981	6269	0.777	6981
1980	9	2228	8037	7327	0.834	8037
1980	10	646	10731	10731	0.977	10731
1980	11	246	12301	12301	1	12301
1980	12	99	17281	17281	0.964	17281
1980	13	25	14893	14893	1	14893
1980	14	4	19069	19069	1	19069
1981	1	-1	-1	15	-1	-1
1981	2	-1	-1	141	-1	-1
1981	3	2118	1180	460	0.019	645
1981	4	13297	1651	932	0.022	1288
1981	5	39195	2260	1542	0.03	1921
1981	6	23247	3293	2576	0.09	2898
1981	7	12710	4483	3768	0.448	3990
1981	8	26455	5821	5108	0.751	5821
1981	9	4804	7739	7028	0.811	7739
1981	10	1677	9422	9422	0.962	9422
1981	11	582	11374	11374	0.988	11374
1981	12	228	12784	12784	1	12784
1981	13	53	12514	12514	1	12514
1981	14	68	19069	19069	1	19069
1982	1	-1	-1	15	-1	-1
1982	2	-1	-1	141	-1	-1
1982	3	3285	1006	286	0.021	645
1982	4	20812	1550	831	0.025	1209
1982	5	24462	2246	1528	0.038	1909
1982	6	28351	3104	2387	0.065	2732
1982	7	14012	4258	3543	0.297	3790
1982	8	7666	5386	4672	0.705	5386
1982	9	11517	6682	5970	0.815	6682
1982	10	1912	9141	9141	0.967	9141
1982	11	327	11963	11963	1	11963
1982	12	94	14226	14226	1	14226
1982	13	43	17287	17287	1	17287
1982	14	11	16590	16590	1	16590
1983	1	-1	-1	15	-1	-1
1983	2	-1	-1	141	-1	-1
1983	3	3554	1095	375	0.019	645
1983	4	10910	1599	880	0.03	1247
1983	5	24305	2275	1557	0.047	1934
1983	6	18944	3021	2304	0.116	2658
1983	7	17382	4096	3380	0.264	3645
1983	8	8381	5481	4767	0.53	5481
1983	9	2054	7049	6337	0.715	7049
1983	10	2733	8128	8128	0.979	8128
1983	11	514	11009	11009	0.985	11009
1983	12	215	13972	13972	1	13972
1983	13	64	15882	15882	1	15882
1983	14	37	18498	18498	1	18498
1984	1	-1	-1	15	-1	-1
1984	2	-1	-1	141	-1	-1
1984	3	6750	1288	569	0.019	645
1984	4	31553	1725	1006	0.024	1346
1984	5	19420	2596	1878	0.053	2207
1984	6	15326	3581	2865	0.169	3151
1984	7	8082	4371	3656	0.444	3890
1984	8	7336	5798	5085	0.62	5798
1984	9	2680	7456	6745	0.716	7456
1984	10	512	9851	9851	0.949	9851
1984	11	538	11052	11052	0.969	11052
1984	12	195	14338	14338	0.948	14338
1984	13	90	15273	15273	1	15273
1984	14	36	16660	16660	1	16660
1985	1	-1	-1	14	-1	-1
1985	2	-1	-1	137	-1	-1
1985	3	6457	1407	388	0	1312
1985	4	24552	1971	1124	0.021	1399
1985	5	35392	2576	1743	0.186	1766
1985	6	18267	3650	2601	0.414	2738
1985	7	8711	4976	3264	0.495	3483
1985	8	4201	6372	4757	0.73	4762
1985	9	2264	8207	6009	0.58	7301
1985	10	1063	10320	10320	0.746	10320
1985	11	217	12197	12197	1	12197
1985	12	233	14683	14683	1	14683
1985	13	102	16175	16175	1	16175
1985	14	38	19050	19050	1	19050
1986	1	-1	-1	15	-1	-1
1986	2	-1	-1	159	-1	-1
1986	3	20642	1459	619	0.001	1312
1986	4	20330	1961	1225	0.023	1612
1986	5	26644	2844	2264	0.154	2915
1986	6	30839	3593	3006	0.398	3279
1986	7	11413	4635	4362	0.681	4591
1986	8	4441	6155	5595	0.727	5803
1986	9	1771	7503	7186	0.936	7199
1986	10	805	9084	9084	0.667	9084
1986	11	392	10356	10356	1	10356
1986	12	103	15283	15283	1	15283
1986	13	76	14540	14540	1	14540
1986	14	44	15017	15017	1	15017
1987	1	-1	-1	14	-1	-1
1987	2	-1	-1	117	-1	-1
1987	3	11002	1316	469	0.001	1718
1987	4	62130	1956	1202	0.033	1598
1987	5	27192	2686	1763	0.094	2439
1987	6	15127	3894	3004	0.359	3532
1987	7	15695	4716	4229	0.487	4886
1987	8	4159	6257	6301	0.879	6408
1987	9	1463	7368	6876	0.777	7499
1987	10	592	9243	9243	0.805	9243
1987	11	253	10697	10697	1	10697
1987	12	142	10622	10622	1	10622
1987	13	46	15894	15894	1	15894
1987	14	58	12592	12592	1	12592
1988	1	-1	-1	11	-1	-1
1988	2	-1	-1	122	-1	-1
1988	3	6713	1438	496	0.006	931
1988	4	39323	1805	1082	0.029	1486
1988	5	55895	2576	1977	0.22	2281
1988	6	18663	3519	3119	0.498	3287
1988	7	6399	4930	3622	0.446	4423
1988	8	5877	6001	4482	0.677	4678
1988	9	1345	7144	8046	0.932	8147
1988	10	455	8822	8822	0.89	8822
1988	11	305	9977	9977	1	9977
1988	12	157	11732	11732	1	11732
1988	13	114	14156	14156	1	14156
1988	14	25	13042	13042	1	13042
1989	1	-1	-1	22	-1	-1
1989	2	-1	-1	151	-1	-1
1989	3	2605	1186	547	0.008	823
1989	4	27983	1813	1159	0.026	1526
1989	5	50059	2590	1973	0.141	2364
1989	6	31455	3915	3081	0.363	3426
1989	7	6010	5210	4404	0.621	4702
1989	8	1915	6892	6212	0.639	7273
1989	9	881	8035	6942	0.619	8436
1989	10	225	9831	9831	1	9831
1989	11	107	11986	11986	1	11986
1989	12	86	10003	10003	1	10003
1989	13	38	12611	12611	1	12611
1989	14	5	16045	16045	1	16045
1990	1	-1	-1	19	-1	-1
1990	2	-1	-1	135	-1	-1
1990	3	5785	1290	462	0.006	733
1990	4	12313	1704	1042	0.012	1044
1990	5	27179	2383	1832	0.154	2199
1990	6	44534	3034	2643	0.428	2841
1990	7	17037	4624	3870	0.576	4367
1990	8	2573	6521	5871	0.781	6177
1990	9	609	8888	7746	0.774	8919
1990	10	322	10592	10592	0.714	10592
1990	11	118	10993	10993	1	10993
1990	12	50	14570	14570	1	14570
1990	13	15	15732	15732	1	15732
1990	14	20	17290	17290	1	17290
1991	1	-1	-1	18	-1	-1
1991	2	-1	-1	147	-1	-1
1991	3	8554	1309	555	0	114
1991	4	25131	1899	1170	0.055	1288
1991	5	15491	2475	1859	0.149	2069
1991	6	21514	3159	2636	0.368	2799
1991	7	25038	3792	3344	0.629	3477
1991	8	6364	5680	5675	0.787	6007
1991	9	903	7242	7316	0.654	8823
1991	10	243	9804	9804	0.901	9804
1991	11	125	9754	9754	1	9754
1991	12	63	14344	14344	1	14344
1991	13	11	14172	14172	1	14172
1991	14	12	20200	20200	1	20200
1992	1	-1	-1	24	-1	-1
1992	2	-1	-1	134	-1	-1
1992	3	12217	1289	500	0.002	449
1992	4	21708	1768	1017	0.062	1349
1992	5	26524	2469	1863	0.265	2117
1992	6	11413	3292	2619	0.407	3086
1992	7	10073	4394	3766	0.813	3861
1992	8	8304	5582	5101	0.916	5196
1992	9	2006	6830	7355	0.88	7429
1992	10	257	8127	8127	1	8127
1992	11	46	12679	12679	1	12679
1992	12	32	13410	13410	1	13410
1992	13	9	15715	15715	1	15715
1992	14	8	11267	11267	1	11267
1993	1	-1	-1	12	-1	-1
1993	2	-1	-1	173	-1	-1
1993	3	20500	1392	576	0.006	773
1993	4	33078	1887	1170	0.085	1374
1993	5	15195	2772	1954	0.267	2316
1993	6	13281	3762	3043	0.462	3276
1993	7	3583	4930	4048	0.684	4179
1993	8	2785	6054	5410	0.795	5729
1993	9	2707	7450	6080	0.843	6441
1993	10	1181	8641	8641	0.834	8641
1993	11	180	10901	10901	1	10901
1993	12	34	12517	12517	1	12517
1993	13	11	14742	14742	1	14742
1993	14	13	16874	16874	1	16874
1994	1	-1	-1	13	-1	-1
1994	2	-1	-1	174	-1	-1
1994	3	6160	1443	686	0.008	1618
1994	4	24142	2063	1417	0.109	1733
1994	5	19666	2562	2055	0.338	2259
1994	6	6968	3659	3230	0.59	3384
1994	7	4393	5117	4193	0.706	4563
1994	8	1257	6262	6229	0.921	6471
1994	9	599	7719	8156	0.694	9803
1994	10	508	8896	8896	0.83	8896
1994	11	283	10847	10847	1	10847
1994	12	49	12874	12874	1	12874
1994	13	18	14742	14742	1	14742
1994	14	6	17470	17470	1	17470
1995	1	-1	-1	10	-1	-1
1995	2	-1	-1	133	-1	-1
1995	3	10770	1348	606	0.005	514
1995	4	9103	1959	1380	0.109	1639
1995	5	16829	2920	2297	0.383	2353
1995	6	13066	3625	3009	0.527	3197
1995	7	4115	5176	4466	0.747	4493
1995	8	1596	6416	5350	0.79	5544
1995	9	313	7916	8035	0.859	8579
1995	10	184	10273	10273	1	10273
1995	11	156	11022	11022	1	11022
1995	12	141	11407	11407	1	11407
1995	13	29	13098	13098	1	13098
1995	14	8	15182	15182	1	15182
1996	1	-1	-1	11	-1	-1
1996	2	-1	-1	155	-1	-1
1996	3	5356	1457	551	0.002	542
1996	4	14886	1930	1352	0.032	1756
1996	5	7372	3132	2084	0.186	2490
1996	6	12307	4141	3322	0.501	3530
1996	7	9429	4922	4044	0.653	4251
1996	8	2157	6009	5257	0.733	5621
1996	9	837	7406	7460	0.81	8263
1996	10	208	9772	9772	0.774	9772
1996	11	76	10539	10539	1	10539
1996	12	65	13503	13503	1	13503
1996	13	55	13689	13689	1	13689
1996	14	5	16194	16194	1	16194
1997	1	-1	-1	18	-1	-1
1997	2	-1	-1	139	-1	-1
1997	3	1722	1484	546	0.006	1111
1997	4	16442	1877	1194	0.037	1346
1997	5	17298	2878	2170	0.247	2267
1997	6	6711	4028	3211	0.427	3723
1997	7	7379	5402	4858	0.686	5415
1997	8	5958	6386	5501	0.786	5963
1997	9	1147	7344	6463	0.804	6964
1997	10	493	8537	8537	0.539	8537
1997	11	126	10797	10797	1	10797
1997	12	28	11533	11533	1	11533
1997	13	37	10428	10428	1	10428
1997	14	21	12788	12788	1	12788
1998	1	-1	-1	15	-1	-1
1998	2	-1	-1	154	-1	-1
1998	3	3458	1230	482	0	1111
1998	4	7707	1750	1193	0.061	1605
1998	5	25394	2458	2041	0.208	2262
1998	6	20167	3559	3017	0.486	3262
1998	7	5893	5213	4249	0.782	4461
1998	8	3856	7737	5417	0.807	5759
1998	9	2951	7837	6333	0.809	6793
1998	10	500	9304	9304	0.852	9304
1998	11	196	10759	10759	1	10759
1998	12	55	14903	14903	1	14903
1998	13	33	16651	16651	1	16651
1998	14	13	18666	18666	1	18666
1999	1	-1	-1	14	-1	-1
1999	2	-1	-1	140	-1	-1
1999	3	2525	1241	578	0.012	1311
1999	4	19554	1716	1070	0.044	1471
1999	5	15226	2426	1849	0.239	1936
1999	6	24622	3443	2869	0.517	2999
1999	7	12966	4720	3826	0.65	3968
1999	8	2795	6352	4993	0.836	5132
1999	9	1489	8730	5657	0.691	6522
1999	10	748	9946	9946	0.974	9946
1999	11	140	11088	11088	1	11088
1999	12	46	12535	12535	1	12535
1999	13	10	14995	14995	1	14995
1999	14	5	15151	15151	1	15151
2000	1	-1	-1	16	-1	-1
2000	2	-1	-1	124	-1	-1
2000	3	10493	1308	486	0.001	497
2000	4	6581	1782	1195	0.065	1355
2000	5	29080	2330	1817	0.248	1916
2000	6	11227	3252	2771	0.512	2881
2000	7	11390	4690	4068	0.611	4318
2000	8	5714	5894	5345	0.867	5573
2000	9	1104	7809	8472	0.998	8464
2000	10	567	9203	9203	0.999	9203
2000	11	314	10240	10240	1	10240
2000	12	74	11172	11172	1	11172
2000	13	22	13172	13172	1	13172
2000	14	6	17442	17442	1	17442
2001	1	-1	-1	17	-1	-1
2001	2	-1	-1	149	-1	-1
2001	3	13553	1484	530	0.003	816
2001	4	26000	2017	1184	0.046	1583
2001	5	9111	2629	1845	0.286	2080
2001	6	20213	3362	2625	0.599	2676
2001	7	5850	4555	3781	0.761	4112
2001	8	3760	6187	5491	0.766	6236
2001	9	2028	7124	6472	0.883	6926
2001	10	508	8445	8445	1	8445
2001	11	199	9311	9311	1	9311
2001	12	137	9566	9566	1	9566
2001	13	13	10242	10242	1	10242
2001	14	31	9503	9503	1	9503
2002	1	-1	-1	13	-1	-1
2002	2	-1	-1	131	-1	-1
2002	3	6009	1309	510	0.006	782
2002	4	17785	1947	1206	0.086	1591
2002	5	24031	2664	1998	0.321	2260
2002	6	7160	3638	2920	0.656	3120
2002	7	9424	4551	3784	0.759	3991
2002	8	2451	5927	5791	0.92	5991
2002	9	1555	7083	6321	0.559	9225
2002	10	738	8100	8100	0.724	8100
2002	11	150	9276	9276	1	9276
2002	12	58	11660	11660	1	11660
2002	13	41	11221	11221	1	11221
2002	14	4	14029	14029	1	14029
2003	1	-1	-1	16	-1	-1
2003	2	-1	-1	131	-1	-1
2003	3	5490	1350	466	0.005	1150
2003	4	16313	1866	1179	0.048	1326
2003	5	22045	2459	1919	0.222	2241
2003	6	16628	3391	2786	0.532	3049
2003	7	4840	4380	4136	0.873	4226
2003	8	4933	4756	4672	0.798	5051
2003	9	1201	6141	6246	0.879	6823
2003	10	507	7138	7138	0.833	7138
2003	11	211	9580	9580	1	9580
2003	12	46	10260	10260	1	10260
2003	13	26	11479	11479	1	11479
2003	14	33	10720	10720	1	10720
2004	1	-1	-1	21	-1	-1
2004	2	-1	-1	142	-1	-1
2004	3	1784	1139	480	0	1150
2004	4	17960	1754	1073	0.04	1456
2004	5	24043	2413	1896	0.249	2095
2004	6	17901	3373	2791	0.549	3011
2004	7	10166	4288	3413	0.631	3678
2004	8	2880	5185	4866	0.833	5192
2004	9	1978	5741	5069	0.807	5400
2004	10	499	7376	7376	0.854	7376
2004	11	162	10038	10038	1	10038
2004	12	87	10322	10322	1	10322
2004	13	19	12428	12428	1	12428
2004	14	8	11452	11452	1	11452
2005	1	-1	-1	11	-1	-1
2005	2	-1	-1	118	-1	-1
2005	3	5271	1196	440	0.003	648
2005	4	5302	1735	1033	0.108	1123
2005	5	26183	2421	1771	0.281	1908
2005	6	16922	3395	2669	0.494	2979
2005	7	8543	4292	3680	0.795	3901
2005	8	4890	5059	4365	0.808	4789
2005	9	1292	6233	7207	0.949	7238
2005	10	790	6124	6124	0.904	6124
2005	11	216	7964	7964	1	7964
2005	12	96	10075	10075	1	10075
2005	13	37	12776	12776	1	12776
2005	14	5	13719	13719	1	13719
2006	1	-1	-1	13	-1	-1
2006	2	-1	-1	106	-1	-1
2006	3	3447	1088	412	0.002	907
2006	4	13112	1622	980	0.023	1407
2006	5	8836	2205	1710	0.298	2016
2006	6	22070	3052	2624	0.446	2913
2006	7	10543	4265	4039	0.749	4351
2006	8	4684	4978	4709	0.874	5057
2006	9	2165	5287	5587	0.739	6472
2006	10	471	6028	6028	0.741	6028
2006	11	240	8455	8455	1	8455
2006	12	40	11154	11154	1	11154
2006	13	16	12608	12608	1	12608
2006	14	10	15381	15381	1	15381
2007	1	-1	-1	14	-1	-1
2007	2	-1	-1	100	-1	-1
2007	3	2054	1063	412	0.012	1439
2007	4	11640	1595	970	0.031	1261
2007	5	15938	2179	1665	0.156	2023
2007	6	8599	2791	2382	0.504	2640
2007	7	9895	3861	3694	0.696	4116
2007	8	5681	5159	5052	0.797	5697
2007	9	2281	5871	6052	0.836	6632
2007	10	1139	6405	6405	0.926	6405
2007	11	332	7182	7182	1	7182
2007	12	88	9506	9506	1	9506
2007	13	67	10406	10406	1	10406
2007	14	6	10532	10532	1	10532
2008	1	-1	-1	11	-1	-1
2008	2	-1	-1	121	-1	-1
2008	3	3104	1098	376	0.001	912
2008	4	5125	1598	943	0.042	1845
2008	5	12849	2364	1811	0.275	2232
2008	6	11641	3140	2612	0.546	2911
2008	7	5153	3990	3586	0.728	3897
2008	8	4708	5264	4919	0.833	5400
2008	9	2139	6482	6301	0.85	6927
2008	10	880	7367	7367	0.958	7367
2008	11	280	7784	7784	1	7784
2008	12	67	10505	10505	1	10505
2008	13	43	11621	11621	1	11621
2008	14	4	18092	18092	1	18092
2009	1	-1	-1	12	-1	-1
2009	2	-1	-1	111	-1	-1
2009	3	3458	1096	411	0.002	644
2009	4	7926	1666	847	0.015	1465
2009	5	9627	2206	1616	0.134	2041
2009	6	17895	3187	2646	0.451	2887
2009	7	10503	4059	3690	0.684	3943
2009	8	3888	5024	4698	0.884	4923
2009	9	2295	6649	5836	0.752	7044
2009	10	742	8354	8354	0.631	8354
2009	11	315	9529	9529	1	9529
2009	12	89	11193	11193	1	11193
2009	13	22	11761	11761	1	11761
2009	14	12	14918	14918	1	14918
2010	1	-1	-1	13	-1	-1
2010	2	-1	-1	98	-1	-1
2010	3	3508	1100	386	0	644
2010	4	7724	1824	1010	0.015	1590
2010	5	9587	2355	1706	0.057	2154
2010	6	8449	3214	2593	0.38	3149
2010	7	10928	4481	4052	0.821	4207
2010	8	5547	5463	4931	0.868	5207
2010	9	1566	6738	6235	0.927	6460
2010	10	923	8024	8024	0.813	8024
2010	11	298	8968	8968	1	8968
2010	12	144	10419	10419	1	10419
2010	13	63	11647	11647	1	11647
2010	14	17	12208	12208	1	12208
2011	1	-1	-1	12	-1	-1
2011	2	-1	-1	102	-1	-1
2011	3	4002	1109	392	0.002	794
2011	4	7846	1660	1128	0.012	2467
2011	5	10577	2511	2127	0.136	2666
2011	6	10820	3443	3003	0.427	3216
2011	7	6287	4404	4258	0.732	4546
2011	8	6291	5783	5866	0.923	5989
2011	9	2429	6527	6638	0.941	6851
2011	10	680	7828	7828	0.961	7828
2011	11	419	8805	8805	1	8805
2011	12	134	9662	9662	1	9662
2011	13	40	12941	12941	1	12941
2011	14	16	11649	11649	1	11649
2012	1	-1	-1	12	-1	-1
2012	2	-1	-1	143	-1	-1
2012	3	4057	1180	467	0.004	1404
2012	4	11249	1625	1144	0.031	1702
2012	5	10815	2442	1936	0.127	2606
2012	6	9560	3744	3210	0.414	3717
2012	7	8919	4707	4281	0.73	4516
2012	8	5009	5925	5812	0.884	6016
2012	9	3213	7369	7897	0.963	8038
2012	10	1152	7988	7988	0.85	7988
2012	11	292	9111	9111	1	9111
2012	12	227	10720	10720	1	10720
2012	13	81	12042	12042	1	12042
2012	14	26	11608	11608	1	11608
2013	1	-1	-1	14	-1	-1
2013	2	-1	-1	110	-1	-1
2013	3	5776	1132	495	0.003	944
2013	4	12224	1743	1053	0.008	2323
2013	5	15347	2451	1790	0.062	2991
2013	6	11413	3612	3033	0.344	3834
2013	7	7594	4936	4781	0.738	5207
2013	8	5792	6126	6372	0.922	6532
2013	9	2571	7368	8078	0.965	8260
2013	10	1833	8137	8137	1	8137
2013	11	653	9173	9173	1	9173
2013	12	209	10121	10121	1	10121
2013	13	146	10421	10421	1	10421
2013	14	36	12702	12702	1	12702
2014	1	-1	-1	11	-1	-1
2014	2	-1	-1	114	-1	-1
2014	3	4618	1118	359	0	944
2014	4	8368	1740	1076	0.026	1332
2014	5	14884	2521	1713	0.069	2549
2014	6	13277	3517	2641	0.238	3316
2014	7	8430	4676	3992	0.615	4459
2014	8	4931	6158	6138	0.893	6390
2014	9	2816	7486	8025	0.967	8178
2014	10	1395	8586	8586	0.956	8586
2014	11	964	8967	8967	1	8967
2014	12	376	10518	10518	1	10518
2014	13	127	10286	10286	1	10286
2014	14	107	12354	12354	1	12354
2015	1	-1	-1	13	-1	-1
2015	2	-1	-1	150	-1	-1
2015	3	5230	1196	417	0.003	704
2015	4	13345	1645	897	0.007	1043
2015	5	10371	2666	2062	0.11	3320
2015	6	13886	3600	3029	0.353	3836
2015	7	9406	4643	4405	0.636	4895
2015	8	5612	5920	6058	0.907	6218
2015	9	2441	7583	8606	0.978	8677
2015	10	1561	8600	8600	0.988	8600
2015	11	950	9687	9687	1	9687
2015	12	407	11205	11205	1	11205
2015	13	125	11330	11330	1	11330
2015	14	37	10360	10360	1	10360
2016	1	-1	-1	10	-1	-1
2016	2	-1	-1	119	-1	-1
2016	3	2869	1098	478	0.001	972
2016	4	10888	1789	1007	0.009	2247
2016	5	12114	2510	1583	0.025	3042
2016	6	10411	3803	3164	0.289	4213
2016	7	13091	4619	4000	0.543	4614
2016	8	7349	5945	5510	0.731	6000
2016	9	3228	7161	7192	0.941	7351
2016	10	1624	8486	8486	0.986	8486
2016	11	864	10111	10111	1	10111
2016	12	542	10701	10701	1	10701
2016	13	188	11362	11362	1	11362
2016	14	57	13899	13899	1	13899
2017	1	-1	-1	14	-1	-1
2017	2	-1	-1	91	-1	-1
2017	3	5352	1014	418	0.005	1773
2017	4	7981	1770	1223	0.008	2582
2017	5	13403	2516	1938	0.089	3513
2017	6	13635	3421	2726	0.262	3936
2017	7	7627	4790	5160	0.765	5698
2017	8	7525	5963	6445	0.906	6716
2017	9	3894	7126	7570	0.979	7636
2017	10	2034	8486	8486	0.987	8486
2017	11	751	9509	9509	1	9509
2017	12	504	11095	11095	1	11095
2017	13	265	11575	11575	1	11575
2017	14	146	12800	12800	1	12800
2018	1	-1	-1	20	-1	-1
2018	2	-1	-1	133	-1	-1
2018	3	5137	1183	383	0.002	1029
2018	4	13449	1795	974	0.013	2372
2018	5	8783	2802	2141	0.147	3230
2018	6	14741	3757	3167	0.434	3862
2018	7	11666	4564	3978	0.605	4574
2018	8	7072	6072	6540	0.935	6671
2018	9	4213	7029	7593	0.953	7711
2018	10	1890	8699	8699	1	8699
2018	11	805	9445	9445	1	9445
2018	12	454	10072	10072	1	10072
2018	13	152	10269	10269	1	10269
2018	14	96	11638	11638	1	11638
