#year age cno cwt swt mat ssbwt
1985 1 0 16 16 0 16
1986 1 -1 16 16 0 16
1987 1 -1 16 16 0 16
1988 1 0 16 16 0 16
1989 1 0 16 16 0 16
1990 1 -1 16 16 0 16
1991 1 0 16 16 0 16
1992 1 0 16 16 0 16
1993 1 0 16 16 0 16
1994 1 0 16 16 0 16
1995 1 0 16 16 0 16
1996 1 0 16 16 0 16
1997 1 0 16 16 0 16
1998 1 0 16 16 0 16
1999 1 0 16 16 0 16
2000 1 0 16 16 0 16
2001 1 0 16 16 0 16
2002 1 0 16 16 0 16
2003 1 0 16 16 0 16
2004 1 0 16 16 0 16
2005 1 0 16 16 0 16
2006 1 0 16 16 0 16
2007 1 0 16 16 0 16
2008 1 0 16 16 0 16
2009 1 0 16 16 0 16
2010 1 0 16 16 0 16
2011 1 0 16 16 0 16
2012 1 0 16 16 0 16
2013 1 0 16 16 0 16
2014 1 0 16 16 0 16
2015 1 0 16 16 0 16
2016 1 0 16 16 0 16
2017 1 0 16 16 0 16
1985 2 0 80 80 0.125 80
1986 2 -1 80 80 0.125 80
1987 2 -1 80 80 0.125 80
1988 2 0 80 80 0.125 80
1989 2 0 80 80 0.125 80
1990 2 -1 80 80 0.125 80
1991 2 0 80 80 0.125 80
1992 2 0 80 80 0.125 80
1993 2 0 80 80 0.125 80
1994 2 0 80 80 0.125 80
1995 2 0 80 80 0.125 80
1996 2 0 80 80 0.125 80
1997 2 0 80 80 0.125 80
1998 2 0 80 80 0.125 80
1999 2 0 80 80 0.125 80
2000 2 0 80 80 0.125 80
2001 2 0 80 80 0.125 80
2002 2 0 80 80 0.125 80
2003 2 0 80 80 0.125 80
2004 2 0 80 80 0.125 80
2005 2 0 80 80 0.125 80
2006 2 0 80 80 0.125 80
2007 2 0 80 80 0.125 80
2008 2 0 80 80 0.125 80
2009 2 0 80 80 0.125 80
2010 2 0 80 80 0.125 80
2011 2 0 80 80 0.125 80
2012 2 0 80 80 0.125 80
2013 2 0 80 80 0.125 80
2014 2 0 80 80 0.125 80
2015 2 0 80 80 0.125 80
2016 2 0 80 80 0.125 80
2017 2 0 80 80 0.125 80
1985 3 0 478.230769230769 478.230769230769 0.105263157894737 478.230769230769
1986 3 -1 478.230769230769 478.230769230769 0.105263157894737 478.230769230769
1987 3 -1 478.230769230769 478.230769230769 0.105263157894737 478.230769230769
1988 3 0 478.230769230769 478.230769230769 0.105263157894737 478.230769230769
1989 3 63.2 444 444 0.105263157894737 444
1990 3 -1 478.230769230769 478.230769230769 0.105263157894737 478.230769230769
1991 3 68.6 351 351 0.105263157894737 351
1992 3 82.6 425 425 0.105263157894737 425
1993 3 1988.8 445 445 0.105263157894737 445
1994 3 1448.5 413 413 0.105263157894737 413
1995 3 915.3 406 406 0.105263157894737 406
1996 3 381.9 378 378 0.105263157894737 378
1997 3 291.5 419 419 0.105263157894737 419
1998 3 909.4 380 380 0.105263157894737 380
1999 3 272.5 433 433 0.105263157894737 433
2000 3 416.8 361 361 0.105263157894737 361
2001 3 444.3 376 376 0.105263157894737 376
2002 3 108.9 413 413 0.105263157894737 413
2003 3 64.7 421 421 0.105263157894737 421
2004 3 68.7 419 419 0.105263157894737 419
2005 3 66.5 406 406 0.105263157894737 406
2006 3 505.4 467 467 0.105263157894737 467
2007 3 466.2 415 415 0.105263157894737 415
2008 3 478.8 440 440 0.105263157894737 440
2009 3 503.9 444 444 0.105263157894737 444
2010 3 181.5 488 488 0.105263157894737 488
2011 3 147.9 480 480 0.105263157894737 480
2012 3 344.8 494 494 0.105263157894737 494
2013 3 247.5 519 519 0.105263157894737 519
2014 3 169.3 471 471 0.105263157894737 471
2015 3 239.1 568 568 0.105263157894737 568
2016 3 71.9 520 520 0.105263157894737 520
2017 3 145.4 505 505 0.105263157894737 505
1985 4 1440.9 492 492 0.273696682464455 492
1986 4 -1 566.230769230769 566.230769230769 0.273696682464455 566.230769230769
1987 4 -1 566.230769230769 566.230769230769 0.273696682464455 566.230769230769
1988 4 2709.6 495 495 0.273696682464455 495
1989 4 507.4 486 486 0.273696682464455 486
1990 4 -1 566.230769230769 566.230769230769 0.273696682464455 566.230769230769
1991 4 1118.4 459 459 0.273696682464455 459
1992 4 1471.2 432 432 0.273696682464455 432
1993 4 5796.6 460 460 0.273696682464455 460
1994 4 6009.5 463 463 0.273696682464455 463
1995 4 2178.3 455 455 0.273696682464455 455
1996 4 1683 464 464 0.273696682464455 464
1997 4 1712.4 519 519 0.273696682464455 519
1998 4 1034.7 438 438 0.273696682464455 438
1999 4 1150 553 553 0.273696682464455 553
2000 4 273.6 448 448 0.273696682464455 448
2001 4 1079.3 523 523 0.273696682464455 523
2002 4 1318.4 516 516 0.273696682464455 516
2003 4 658.1 506 506 0.273696682464455 506
2004 4 704.7 533 533 0.273696682464455 533
2005 4 715.9 512 512 0.273696682464455 512
2006 4 1423.6 571 571 0.273696682464455 571
2007 4 1355.9 512 512 0.273696682464455 512
2008 4 724.1 549 549 0.273696682464455 549
2009 4 869.2 558 558 0.273696682464455 558
2010 4 619.7 551 551 0.273696682464455 551
2011 4 605.4 551 551 0.273696682464455 551
2012 4 373.8 602 602 0.273696682464455 602
2013 4 458.2 609 609 0.273696682464455 609
2014 4 529.7 571 571 0.273696682464455 571
2015 4 471.5 585 585 0.273696682464455 585
2016 4 595.3 565 565 0.273696682464455 565
2017 4 368 625 625 0.273696682464455 625
1985 5 2637.7 615 615 0.483158475980122 615
1986 5 -1 677 677 0.483158475980122 677
1987 5 -1 677 677 0.483158475980122 677
1988 5 6597.4 545 545 0.483158475980122 545
1989 5 4384.8 530 530 0.483158475980122 530
1990 5 -1 677 677 0.483158475980122 677
1991 5 7406.7 510 510 0.483158475980122 510
1992 5 3273.3 549 549 0.483158475980122 549
1993 5 4833.1 588 588 0.483158475980122 588
1994 5 6364.1 529 529 0.483158475980122 529
1995 5 6498.7 503 503 0.483158475980122 503
1996 5 2331.2 551 551 0.483158475980122 551
1997 5 3583.7 586 586 0.483158475980122 586
1998 5 3138.5 565 565 0.483158475980122 565
1999 5 1506.4 598 598 0.483158475980122 598
2000 5 827.7 619 619 0.483158475980122 619
2001 5 919.4 630 630 0.483158475980122 630
2002 5 1849.4 625 625 0.483158475980122 625
2003 5 1845.2 595 595 0.483158475980122 595
2004 5 1572 675 675 0.483158475980122 675
2005 5 2019.4 641 641 0.483158475980122 641
2006 5 1028.5 673 673 0.483158475980122 673
2007 5 1638.3 642 642 0.483158475980122 642
2008 5 1519.6 638 638 0.483158475980122 638
2009 5 1044.6 680 680 0.483158475980122 680
2010 5 957.9 643 643 0.483158475980122 643
2011 5 1227 639 639 0.483158475980122 639
2012 5 983.4 688 688 0.483158475980122 688
2013 5 651.7 713 713 0.483158475980122 713
2014 5 947 711 711 0.483158475980122 711
2015 5 1182.2 716 716 0.483158475980122 716
2016 5 881.9 707 707 0.483158475980122 707
2017 5 1035.8 710 710 0.483158475980122 710
1985 6 3400.1 623 623 0.658108686350022 623
1986 6 -1 796.461538461538 796.461538461538 0.658108686350022 796.461538461538
1987 6 -1 796.461538461538 796.461538461538 0.658108686350022 796.461538461538
1988 6 5065.9 599 599 0.658108686350022 599
1989 6 4780.2 587 587 0.658108686350022 587
1990 6 -1 796.461538461538 796.461538461538 0.658108686350022 796.461538461538
1991 6 2625 568 568 0.658108686350022 568
1992 6 5559.3 577 577 0.658108686350022 577
1993 6 2942 722 722 0.658108686350022 722
1994 6 3076.1 592 592 0.658108686350022 592
1995 6 3952 565 565 0.658108686350022 565
1996 6 5184.9 616 616 0.658108686350022 616
1997 6 2107.2 670 670 0.658108686350022 670
1998 6 2600.4 646 646 0.658108686350022 646
1999 6 1879.8 708 708 0.658108686350022 708
2000 6 1119.6 743 743 0.658108686350022 743
2001 6 1141.4 789 789 0.658108686350022 789
2002 6 995.1 738 738 0.658108686350022 738
2003 6 1728.7 720 720 0.658108686350022 720
2004 6 2084.8 759 759 0.658108686350022 759
2005 6 1867.7 807 807 0.658108686350022 807
2006 6 1443 773 773 0.658108686350022 773
2007 6 1060 772 772 0.658108686350022 772
2008 6 1729.4 763 763 0.658108686350022 763
2009 6 1613.3 775 775 0.658108686350022 775
2010 6 1163.1 768 768 0.658108686350022 768
2011 6 1171.3 759 759 0.658108686350022 759
2012 6 1489.4 801 801 0.658108686350022 801
2013 6 1264.2 807 807 0.658108686350022 807
2014 6 1041.2 815 815 0.658108686350022 815
2015 6 1343.9 892 892 0.658108686350022 892
2016 6 1339.6 808 808 0.658108686350022 808
2017 6 1429.8 814 814 0.658108686350022 814
1985 7 3941 718 718 0.75832492431887 718
1986 7 -1 923.615384615385 923.615384615385 0.75832492431887 923.615384615385
1987 7 -1 923.615384615385 923.615384615385 0.75832492431887 923.615384615385
1988 7 3063.1 592 592 0.75832492431887 592
1989 7 3392 602 602 0.75832492431887 602
1990 7 -1 923.615384615385 923.615384615385 0.75832492431887 923.615384615385
1991 7 3216.1 619 619 0.75832492431887 619
1992 7 3041.7 642 642 0.75832492431887 642
1993 7 2222.2 850 850 0.75832492431887 850
1994 7 2896.6 615 615 0.75832492431887 615
1995 7 2044.6 758 758 0.75832492431887 758
1996 7 3232.5 712 712 0.75832492431887 712
1997 7 4005.6 744 744 0.75832492431887 744
1998 7 1192.3 790 790 0.75832492431887 790
1999 7 1651.3 800 800 0.75832492431887 800
2000 7 1368.8 902 902 0.75832492431887 902
2001 7 854.7 916 916 0.75832492431887 916
2002 7 954.5 848 848 0.75832492431887 848
2003 7 936 869 869 0.75832492431887 869
2004 7 1270.4 881 881 0.75832492431887 881
2005 7 1459.9 896 896 0.75832492431887 896
2006 7 1397.6 902 902 0.75832492431887 902
2007 7 1087 902 902 0.75832492431887 902
2008 7 987.3 889 889 0.75832492431887 889
2009 7 1289.8 891 891 0.75832492431887 891
2010 7 1248.2 890 890 0.75832492431887 890
2011 7 831.7 874 874 0.75832492431887 874
2012 7 1058.6 927 927 0.75832492431887 927
2013 7 1406.1 960 960 0.75832492431887 960
2014 7 1241.1 979 979 0.75832492431887 979
2015 7 1065.4 992 992 0.75832492431887 992
2016 7 1167.6 1008 1008 0.75832492431887 1008
2017 7 1284.1 897 897 0.75832492431887 897
1985 8 4025.2 743 743 0.843878954607978 743
1986 8 -1 1072.46153846154 1072.46153846154 0.843878954607978 1072.46153846154
1987 8 -1 1072.46153846154 1072.46153846154 0.843878954607978 1072.46153846154
1988 8 2945.3 781 781 0.843878954607978 781
1989 8 1279.2 685 685 0.843878954607978 685
1990 8 -1 1072.46153846154 1072.46153846154 0.843878954607978 1072.46153846154
1991 8 2599 652 652 0.843878954607978 652
1992 8 2252.8 583 583 0.843878954607978 583
1993 8 1268.9 883 883 0.843878954607978 883
1994 8 717.1 788 788 0.843878954607978 788
1995 8 1290.6 866 866 0.843878954607978 866
1996 8 1804 848 848 0.843878954607978 848
1997 8 1913.1 823 823 0.843878954607978 823
1998 8 1452.4 925 925 0.843878954607978 925
1999 8 1077.8 863 863 0.843878954607978 863
2000 8 915 1010 1010 0.843878954607978 1010
2001 8 755.1 1053 1053 0.843878954607978 1053
2002 8 634.8 1015 1015 0.843878954607978 1015
2003 8 636.7 977 977 0.843878954607978 977
2004 8 608.3 1047 1047 0.843878954607978 1047
2005 8 777.5 986 986 0.843878954607978 986
2006 8 1135.9 964 964 0.843878954607978 964
2007 8 863.1 1035 1035 0.843878954607978 1035
2008 8 986.5 1014 1014 0.843878954607978 1014
2009 8 711.6 1059 1059 0.843878954607978 1059
2010 8 931.9 1047 1047 0.843878954607978 1047
2011 8 754.6 989 989 0.843878954607978 989
2012 8 702.6 1052 1052 0.843878954607978 1052
2013 8 810.8 1145 1145 0.843878954607978 1145
2014 8 1045.2 1129 1129 0.843878954607978 1129
2015 8 1109.6 1218 1218 0.843878954607978 1218
2016 8 902.1 1174 1174 0.843878954607978 1174
2017 8 717.8 1130 1130 0.843878954607978 1130
1985 9 918.9 944 944 0.908653846153846 944
1986 9 -1 1204.30769230769 1204.30769230769 0.908653846153846 1204.30769230769
1987 9 -1 1204.30769230769 1204.30769230769 0.908653846153846 1204.30769230769
1988 9 1885 687 687 0.908653846153846 687
1989 9 1584.3 695 695 0.908653846153846 695
1990 9 -1 1204.30769230769 1204.30769230769 0.908653846153846 1204.30769230769
1991 9 854.9 702 702 0.908653846153846 702
1992 9 1320.8 642 642 0.908653846153846 642
1993 9 857.2 936 936 0.908653846153846 936
1994 9 669.6 1048 1048 0.908653846153846 1048
1995 9 460.1 1020 1020 0.908653846153846 1020
1996 9 903.7 1024 1024 0.908653846153846 1024
1997 9 800.6 985 985 0.908653846153846 985
1998 9 549.9 989 989 0.908653846153846 989
1999 9 1101.5 1049 1049 0.908653846153846 1049
2000 9 559.8 983 983 0.908653846153846 983
2001 9 486.3 1122 1122 0.908653846153846 1122
2002 9 431.9 1112 1112 0.908653846153846 1112
2003 9 408.2 1072 1072 0.908653846153846 1072
2004 9 369.1 1162 1162 0.908653846153846 1162
2005 9 354.2 1060 1060 0.908653846153846 1060
2006 9 568.6 1039 1039 0.908653846153846 1039
2007 9 525.6 1116 1116 0.908653846153846 1116
2008 9 631.2 1150 1150 0.908653846153846 1150
2009 9 530.5 1299 1299 0.908653846153846 1299
2010 9 513.2 1139 1139 0.908653846153846 1139
2011 9 444.4 1133 1133 0.908653846153846 1133
2012 9 597.2 1175 1175 0.908653846153846 1175
2013 9 510.5 1310 1310 0.908653846153846 1310
2014 9 496.8 1231 1231 0.908653846153846 1231
2015 9 686.9 1397 1397 0.908653846153846 1397
2016 9 994.2 1291 1291 0.908653846153846 1291
2017 9 597 1316 1316 0.908653846153846 1316
1985 10 1577.7 1303 1303 0.920731707317073 1303
1986 10 -1 1298.69230769231 1298.69230769231 0.920731707317073 1298.69230769231
1987 10 -1 1298.69230769231 1298.69230769231 0.920731707317073 1298.69230769231
1988 10 353.4 717 717 0.920731707317073 717
1989 10 905.3 848 848 0.920731707317073 848
1990 10 -1 1298.69230769231 1298.69230769231 0.920731707317073 1298.69230769231
1991 10 437 896 896 0.920731707317073 896
1992 10 481.1 1194 1194 0.920731707317073 1194
1993 10 576.3 841 841 0.920731707317073 841
1994 10 262.1 972 972 0.920731707317073 972
1995 10 188.5 1007 1007 0.920731707317073 1007
1996 10 375.4 1016 1016 0.920731707317073 1016
1997 10 354.5 1072 1072 0.920731707317073 1072
1998 10 195.4 1254 1254 0.920731707317073 1254
1999 10 316.3 1233 1233 0.920731707317073 1233
2000 10 458.3 1120 1120 0.920731707317073 1120
2001 10 247.6 1200 1200 0.920731707317073 1200
2002 10 242.8 1243 1243 0.920731707317073 1243
2003 10 271 1170 1170 0.920731707317073 1170
2004 10 210.2 1314 1314 0.920731707317073 1314
2005 10 150.3 1218 1218 0.920731707317073 1218
2006 10 333 1078 1078 0.920731707317073 1078
2007 10 211.1 1220 1220 0.920731707317073 1220
2008 10 407.3 1192 1192 0.920731707317073 1192
2009 10 346.3 1391 1391 0.920731707317073 1391
2010 10 402 1315 1315 0.920731707317073 1315
2011 10 235.4 1199 1199 0.920731707317073 1199
2012 10 361.5 1267 1267 0.920731707317073 1267
2013 10 373.3 1381 1381 0.920731707317073 1381
2014 10 218.4 1224 1224 0.920731707317073 1224
2015 10 235.6 1506 1506 0.920731707317073 1506
2016 10 533.4 1512 1512 0.920731707317073 1512
2017 10 556 1380 1380 0.920731707317073 1380
1985 11 684.1 1298 1298 0.961805555555556 1298
1986 11 -1 1424.15384615385 1424.15384615385 0.961805555555556 1424.15384615385
1987 11 -1 1424.15384615385 1424.15384615385 0.961805555555556 1424.15384615385
1988 11 471.2 663 663 0.961805555555556 663
1989 11 488.9 748 748 0.961805555555556 748
1990 11 -1 1424.15384615385 1424.15384615385 0.961805555555556 1424.15384615385
1991 11 31.5 2121 2121 0.961805555555556 2121
1992 11 111.5 920 920 0.961805555555556 920
1993 11 91.7 911 911 0.961805555555556 911
1994 11 116.3 866 866 0.961805555555556 866
1995 11 285.4 1253 1253 0.961805555555556 1253
1996 11 309.5 1055 1055 0.961805555555556 1055
1997 11 158.6 1104 1104 0.961805555555556 1104
1998 11 128.2 1262 1262 0.961805555555556 1262
1999 11 163.8 1376 1376 0.961805555555556 1376
2000 11 236 1256 1256 0.961805555555556 1256
2001 11 129.6 1330 1330 0.961805555555556 1330
2002 11 126.9 1418 1418 0.961805555555556 1418
2003 11 168.9 1449 1449 0.961805555555556 1449
2004 11 97.9 1503 1503 0.961805555555556 1503
2005 11 60.9 1192 1192 0.961805555555556 1192
2006 11 138.7 1206 1206 0.961805555555556 1206
2007 11 117.1 1346 1346 0.961805555555556 1346
2008 11 194.2 1207 1207 0.961805555555556 1207
2009 11 172.8 1503 1503 0.961805555555556 1503
2010 11 226.8 1424 1424 0.961805555555556 1424
2011 11 216.6 1223 1223 0.961805555555556 1223
2012 11 179.7 1366 1366 0.961805555555556 1366
2013 11 200.1 1582 1582 0.961805555555556 1582
2014 11 223.6 1495 1495 0.961805555555556 1495
2015 11 167.9 1761 1761 0.961805555555556 1761
2016 11 267.6 1615 1615 0.961805555555556 1615
2017 11 287.7 1594 1594 0.961805555555556 1594
1985 12 87.6 1751 1751 0.967741935483871 1751
1986 12 -1 1521.53846153846 1521.53846153846 0.967741935483871 1521.53846153846
1987 12 -1 1521.53846153846 1521.53846153846 0.967741935483871 1521.53846153846
1988 12 0 1521.53846153846 1521.53846153846 0.967741935483871 1521.53846153846
1989 12 645.7 1083 1083 0.967741935483871 1083
1990 12 -1 1521.53846153846 1521.53846153846 0.967741935483871 1521.53846153846
1991 12 69.2 1390 1390 0.967741935483871 1390
1992 12 0 1521.53846153846 1521.53846153846 0.967741935483871 1521.53846153846
1993 12 98.6 1922 1922 0.967741935483871 1922
1994 12 28.9 635 635 0.967741935483871 635
1995 12 83.3 1142 1142 0.967741935483871 1142
1996 12 279.7 1229 1229 0.967741935483871 1229
1997 12 156.8 1192 1192 0.967741935483871 1192
1998 12 42.2 1368 1368 0.967741935483871 1368
1999 12 89.3 1603 1603 0.967741935483871 1603
2000 12 86.1 1518 1518 0.967741935483871 1518
2001 12 106.6 1537 1537 0.967741935483871 1537
2002 12 74.5 1744 1744 0.967741935483871 1744
2003 12 61.8 1676 1676 0.967741935483871 1676
2004 12 66.1 1699 1699 0.967741935483871 1699
2005 12 10.6 916 916 0.967741935483871 916
2006 12 83.2 1339 1339 0.967741935483871 1339
2007 12 78.9 1338 1338 0.967741935483871 1338
2008 12 136.6 1358 1358 0.967741935483871 1358
2009 12 119.7 1375 1375 0.967741935483871 1375
2010 12 148.3 1536 1536 0.967741935483871 1536
2011 12 108 1553 1553 0.967741935483871 1553
2012 12 162.4 1518 1518 0.967741935483871 1518
2013 12 109.3 1628 1628 0.967741935483871 1628
2014 12 126.2 1658 1658 0.967741935483871 1658
2015 12 78.3 1912 1912 0.967741935483871 1912
2016 12 125.2 1775 1775 0.967741935483871 1775
2017 12 165.9 1874 1874 0.967741935483871 1874
1985 13 120.7 1941 1941 0.962025316455696 1941
1986 13 -1 1647.84615384615 1647.84615384615 0.962025316455696 1647.84615384615
1987 13 -1 1647.84615384615 1647.84615384615 0.962025316455696 1647.84615384615
1988 13 117.8 630 630 0.962025316455696 630
1989 13 0 1647.84615384615 1647.84615384615 0.962025316455696 1647.84615384615
1990 13 -1 1647.84615384615 1647.84615384615 0.962025316455696 1647.84615384615
1991 13 0 1647.84615384615 1647.84615384615 0.962025316455696 1647.84615384615
1992 13 0 1647.84615384615 1647.84615384615 0.962025316455696 1647.84615384615
1993 13 0 1647.84615384615 1647.84615384615 0.962025316455696 1647.84615384615
1994 13 85.4 1089 1089 0.962025316455696 1089
1995 13 124.4 1208 1208 0.962025316455696 1208
1996 13 237 1038 1038 0.962025316455696 1038
1997 13 174.7 1300 1300 0.962025316455696 1300
1998 13 27.8 1268 1268 0.962025316455696 1268
1999 13 59.4 1711 1711 0.962025316455696 1711
2000 13 21.8 1630 1630 0.962025316455696 1630
2001 13 20.7 1644 1644 0.962025316455696 1644
2002 13 25.2 1694 1694 0.962025316455696 1694
2003 13 32.9 1982 1982 0.962025316455696 1982
2004 13 19.2 2082 2082 0.962025316455696 2082
2005 13 4.8 1479 1479 0.962025316455696 1479
2006 13 30.2 1457 1457 0.962025316455696 1457
2007 13 42.3 1753 1753 0.962025316455696 1753
2008 13 81.2 1480 1480 0.962025316455696 1480
2009 13 45.8 1665 1665 0.962025316455696 1665
2010 13 83.3 1477 1477 0.962025316455696 1477
2011 13 53.7 1603 1603 0.962025316455696 1603
2012 13 78.2 1575 1575 0.962025316455696 1575
2013 13 47.9 1658 1658 0.962025316455696 1658
2014 13 57.8 1853 1853 0.962025316455696 1853
2015 13 23.3 1647 1647 0.962025316455696 1647
2016 13 77.6 1955 1955 0.962025316455696 1955
2017 13 73.6 1820 1820 0.962025316455696 1820
1985 14 0 1722.75 1722.75 0.980392156862745 1722.75
1986 14 -1 1722.75 1722.75 0.980392156862745 1722.75
1987 14 -1 1722.75 1722.75 0.980392156862745 1722.75
1988 14 0 1722.75 1722.75 0.980392156862745 1722.75
1989 14 0 1722.75 1722.75 0.980392156862745 1722.75
1990 14 -1 1722.75 1722.75 0.980392156862745 1722.75
1991 14 0 1722.75 1722.75 0.980392156862745 1722.75
1992 14 0 1722.75 1722.75 0.980392156862745 1722.75
1993 14 0 1722.75 1722.75 0.980392156862745 1722.75
1994 14 204.9 1465 1465 0.980392156862745 1465
1995 14 86.2 2160 2160 0.980392156862745 2160
1996 14 57.6 1221 1221 0.980392156862745 1221
1997 14 85.4 1462 1462 0.980392156862745 1462
1998 14 14.7 1746 1746 0.980392156862745 1746
1999 14 33.3 1912 1912 0.980392156862745 1912
2000 14 12.4 1846 1846 0.980392156862745 1846
2001 14 7.3 2339 2339 0.980392156862745 2339
2002 14 0 1722.75 1722.75 0.980392156862745 1722.75
2003 14 10.6 2052 2052 0.980392156862745 2052
2004 14 1.5 1284 1284 0.980392156862745 1284
2005 14 0 1722.75 1722.75 0.980392156862745 1722.75
2006 14 26.9 1559 1559 0.980392156862745 1559
2007 14 31.3 1583 1583 0.980392156862745 1583
2008 14 79.8 1517 1517 0.980392156862745 1517
2009 14 32.4 1683 1683 0.980392156862745 1683
2010 14 76.3 1497 1497 0.980392156862745 1497
2011 14 29.3 1448 1448 0.980392156862745 1448
2012 14 55.2 1508 1508 0.980392156862745 1508
2013 14 19.5 1681 1681 0.980392156862745 1681
2014 14 15.8 2238 2238 0.980392156862745 2238
2015 14 15.4 2214 2214 0.980392156862745 2214
2016 14 57.1 1979 1979 0.980392156862745 1979
2017 14 14.9 1766 1766 0.980392156862745 1766
1985 15 0 1771.75 1771.75 1 1771.75
1986 15 -1 1771.75 1771.75 1 1771.75
1987 15 -1 1771.75 1771.75 1 1771.75
1988 15 0 1771.75 1771.75 1 1771.75
1989 15 29.1 1737 1737 1 1737
1990 15 -1 1771.75 1771.75 1 1771.75
1991 15 54.9 1283 1283 1 1283
1992 15 0 1771.75 1771.75 1 1771.75
1993 15 72.3 1736 1736 1 1736
1994 15 27.9 1750 1750 1 1750
1995 15 35 1637 1637 1 1637
1996 15 31.7 1587 1587 1 1587
1997 15 48.2 1502 1502 1 1502
1998 15 24.4 2038 2038 1 2038
1999 15 0 1264 1264 1 1264
2000 15 13.1 1856 1856 1 1856
2001 15 0 1771.75 1771.75 1 1771.75
2002 15 4 1731 1731 1 1731
2003 15 0 1736 1736 1 1736
2004 15 6.4 1784 1784 1 1784
2005 15 0 1771.75 1771.75 1 1771.75
2006 15 5.8 1673 1673 1 1673
2007 15 9.3 1668 1668 1 1668
2008 15 28.9 1557 1557 1 1557
2009 15 8.8 1927 1927 1 1927
2010 15 47 1852 1852 1 1852
2011 15 19.1 1346 1346 1 1346
2012 15 33.5 1766 1766 1 1766
2013 15 15.9 1736 1736 1 1736
2014 15 22.8 1573 1573 1 1573
2015 15 22 1901 1901 1 1901
2016 15 41.7 1967 1967 1 1967
2017 15 19.6 2295 2295 1 2295
1985 16 0 1880.25 1880.25 1 1880.25
1986 16 -1 1880.25 1880.25 1 1880.25
1987 16 -1 1880.25 1880.25 1 1880.25
1988 16 0 1880.25 1880.25 1 1880.25
1989 16 0 1880.25 1880.25 1 1880.25
1990 16 -1 1880.25 1880.25 1 1880.25
1991 16 0 1880.25 1880.25 1 1880.25
1992 16 0 1880.25 1880.25 1 1880.25
1993 16 0 1880.25 1880.25 1 1880.25
1994 16 57.5 769 769 1 769
1995 16 34.3 1478 1478 1 1478
1996 16 40.2 1208 1208 1 1208
1997 16 49.7 1494 1494 1 1494
1998 16 0 1880.25 1880.25 1 1880.25
1999 16 6.8 2399 2399 1 2399
2000 16 7.9 1896 1896 1 1896
2001 16 0 1880.25 1880.25 1 1880.25
2002 16 0 1880.25 1880.25 1 1880.25
2003 16 3.8 2014 2014 1 2014
2004 16 0 1880.25 1880.25 1 1880.25
2005 16 0 1880.25 1880.25 1 1880.25
2006 16 6.2 1569 1569 1 1569
2007 16 4.5 1477 1477 1 1477
2008 16 17.6 1807 1807 1 1807
2009 16 3.3 2367 2367 1 2367
2010 16 22.2 1830 1830 1 1830
2011 16 29.4 1515 1515 1 1515
2012 16 24.1 1714 1714 1 1714
2013 16 8.8 1805 1805 1 1805
2014 16 11 2413 2413 1 2413
2015 16 6.7 2396 2396 1 2396
2016 16 22.9 1903 1903 1 1903
2017 16 0.1 1767 1767 1 1767
