1950  9172
1951  8439
1952  4578
1953  4693
1954  5663
1955  7733
1956  7888
1957  9603
1958  8163
1959  8428
1960  8059
1961  11001
1962  11411
1963  9658
1964  9368
1965  10990
1966  11875
1967  11380
1968  10270
1969  14031
1970  10018
1971  9688
1972  6496
1973  4778
1974  4021
1975  4575
1976  5025
1977  5270
1978  4504
1979  4492
1980  5145
1981  3875
1982  6331
1983  8552
1984  11335
1985  14510
1986  12738
1987  11192
1988  14087
1989  11330
1990  11400
1991  10792
1992  10494
1993  12522
1994  11854
1995  10649
1996  11063
1997  10540
1998  7106
1999  7064
2000  5218
2001  4905
2002  5126
2003  5236
2004  5704
