#year	age	oC	cW	sW	mat	ssbW
1961	3	183	1430	1430	0.04	1430
1962	3	562	1273	1273	0.04	1273
1963	3	614	1280	1280	0.04	1280
1964	3	684	1175	1175	0.04	1175
1965	3	996	1181	1181	0.04	1181
1966	3	488	1361	1361	0.04	1361
1967	3	595	1273	1273	0.04	1273
1968	3	614	1302	1302	0.04	1302
1969	3	1191	1188	1188	0.04	1188
1970	3	1445	1244	1244	0.04	1244
1971	3	2857	1101	1101	0.04	1101
1972	3	2714	1043	1043	0.04	1043
1973	3	2515	1306	1306	0.04	1306
1974	3	3504	1615	1615	0.04	1615
1975	3	2062	1293	1293	0.04	1293
1976	3	3178	1162	1162	0.04	1162
1977	3	1609	1223	1223	0.04	1223
1978	3	611	1493	1493	0.04	1493
1979	3	287	1220	1220	0.04	1220
1980	3	996	1230	1230	0.04	1230
1981	3	411	1310	1310	0.04	1310
1982	3	387	1337	1337	0.04	1337
1983	3	2483	1208	1208	0.04	1208
1984	3	368	1431	1431	0.03	1431
1985	3	1224	1401	1401	0.04	1401
1986	3	1167	1718	1718	0.04	1718
1987	3	1581	1609	1609	0.05	1609
1988	3	866	1500	1500	0.06	1500
1989	3	451	1309	1309	0.06	1309
1990	3	294	1223	1223	0.05	1223
1991	3	1030	1240	1240	0.05	1240
1992	3	521	1264	1264	0.04	1264
1993	3	1316	1408	1408	0.04	1408
1994	3	690	1503	1503	0.05	1503
1995	3	398	1456	1456	0.05	1456
1996	3	297	1432	1432	0.04	1432
1997	3	344	1476	1476	0.02	1476
1998	3	163	1388	1388	0.01	1388
1999	3	322	1374	1374	0.01	1374
2000	3	811	1477	1477	0.02	1477
2001	3	1125	1330	1330	0.02	1330
2002	3	302	1142	1142	0.02	1142
2003	3	330	1123	1123	0.02	1123
2004	3	76	1143	1143	0.02	1143
2005	3	454	1148	1148	0.01	1148
2006	3	1509	1126	1126	0.01	1126
2007	3	852	1058	1058	0.01	1058
2008	3	4968	1146	1146	0.01	1146
2009	3	472	938	938	0.01	938
2010	3	2406	1429	1429	0.01	1429
2011	3	1924	1111	1111	0.01	1111
2012	3	863	1029	1029	0.01	1029
2013	3	723	1208	1208	0.01	1208
2014	3	887	1369	1369	0.02	1369
2015	3	2201	932	932	0.03	932
2016	3	889	1070	1070	0.04	1070
2017	3	487	1472	1472	0.05	1472
2018	3	331	1574	1574	0.07	1574
1961	4	379	2302	2302	0.26	2302
1962	4	542	2045	2045	0.26	2045
1963	4	340	2197	2197	0.26	2197
1964	4	1908	2055	2055	0.26	2055
1965	4	850	2125	2125	0.26	2125
1966	4	1540	2026	2026	0.26	2026
1967	4	796	1780	1780	0.26	1780
1968	4	1689	1737	1737	0.26	1737
1969	4	2086	1667	1667	0.26	1667
1970	4	6577	1445	1445	0.26	1445
1971	4	3316	1316	1316	0.26	1316
1972	4	1774	1485	1485	0.26	1485
1973	4	6253	1754	1754	0.26	1754
1974	4	4126	1723	1723	0.26	1723
1975	4	3361	1924	1924	0.26	1924
1976	4	3217	1790	1790	0.26	1790
1977	4	2937	1641	1641	0.26	1641
1978	4	1743	2324	2324	0.26	2324
1979	4	933	1880	1880	0.26	1880
1980	4	877	2120	2120	0.26	2120
1981	4	1804	2130	2130	0.26	2130
1982	4	4076	1851	1851	0.26	1851
1983	4	1103	2029	2029	0.25	2029
1984	4	11067	1953	1953	0.26	1953
1985	4	3990	2032	2032	0.26	2032
1986	4	1997	1986	1986	0.28	1986
1987	4	5793	1835	1835	0.28	1835
1988	4	2950	1975	1975	0.28	1975
1989	4	5981	1735	1735	0.27	1735
1990	4	3833	1633	1633	0.26	1633
1991	4	5125	1568	1568	0.26	1568
1992	4	4067	1602	1602	0.24	1602
1993	4	2611	1860	1860	0.25	1860
1994	4	3961	1951	1951	0.22	1951
1995	4	1019	2177	2177	0.22	2177
1996	4	1087	1875	1875	0.18	1875
1997	4	832	1783	1783	0.17	1783
1998	4	1689	1711	1711	0.16	1711
1999	4	655	1712	1712	0.16	1712
2000	4	2830	1606	1606	0.17	1606
2001	4	2452	1590	1590	0.16	1590
2002	4	8399	1460	1460	0.18	1460
2003	4	2432	1304	1304	0.17	1304
2004	4	2011	1333	1333	0.16	1333
2005	4	2948	1325	1325	0.16	1325
2006	4	5163	1218	1218	0.18	1218
2007	4	3406	1391	1391	0.19	1391
2008	4	3228	1312	1312	0.2	1312
2009	4	7618	1485	1485	0.19	1485
2010	4	3019	1706	1706	0.18	1706
2011	4	2783	1693	1693	0.19	1693
2012	4	9870	1334	1334	0.2	1334
2013	4	5186	1466	1466	0.19	1466
2014	4	2344	1724	1724	0.25	1724
2015	4	2338	1555	1555	0.24	1555
2016	4	10550	1246	1246	0.26	1246
2017	4	3638	1534	1534	0.26	1534
2018	4	1426	1849	1849	0.25	1849
1961	5	483	3348	3348	0.57	3348
1962	5	617	3293	3293	0.57	3293
1963	5	340	3212	3212	0.57	3212
1964	5	1506	3266	3266	0.57	3266
1965	5	1708	2941	2941	0.57	2941
1966	5	1201	3055	3055	0.57	3055
1967	5	1364	2534	2534	0.57	2534
1968	5	1116	2036	2036	0.57	2036
1969	5	2294	2302	2302	0.57	2302
1970	5	1558	2249	2249	0.57	2249
1971	5	5585	1818	1818	0.57	1818
1972	5	2588	2055	2055	0.57	2055
1973	5	7075	1899	1899	0.57	1899
1974	5	4011	2493	2493	0.57	2493
1975	5	3801	2623	2623	0.57	2623
1976	5	1720	3074	3074	0.57	3074
1977	5	2034	2660	2660	0.57	2660
1978	5	1736	3068	3068	0.57	3068
1979	5	1341	2620	2620	0.57	2620
1980	5	720	3320	3320	0.57	3320
1981	5	769	3000	3000	0.57	3000
1982	5	994	2951	2951	0.57	2951
1983	5	5052	2965	2965	0.55	2965
1984	5	2359	2470	2470	0.58	2470
1985	5	5583	2965	2965	0.57	2965
1986	5	4473	2618	2618	0.6	2618
1987	5	3827	2395	2395	0.58	2395
1988	5	9555	1978	1978	0.57	1978
1989	5	5300	1907	1907	0.58	1907
1990	5	10120	1830	1830	0.58	1830
1991	5	7452	1864	1864	0.57	1864
1992	5	3667	2069	2069	0.54	2069
1993	5	4689	2323	2323	0.56	2323
1994	5	2663	2267	2267	0.54	2267
1995	5	3468	2420	2420	0.57	2420
1996	5	1146	2496	2496	0.54	2496
1997	5	2440	2032	2032	0.55	2032
1998	5	1934	1954	1954	0.53	1954
1999	5	3096	1905	1905	0.5	1905
2000	5	1484	2077	2077	0.48	2077
2001	5	8437	1785	1785	0.47	1785
2002	5	5962	1652	1652	0.48	1652
2003	5	11152	1614	1614	0.47	1614
2004	5	8544	1450	1450	0.42	1450
2005	5	9486	1516	1516	0.39	1516
2006	5	7963	1462	1462	0.38	1462
2007	5	11596	1413	1413	0.37	1413
2008	5	3737	1672	1672	0.39	1672
2009	5	5116	1893	1893	0.38	1893
2010	5	5486	2166	2166	0.41	2166
2011	5	1968	2253	2253	0.44	2253
2012	5	4157	1626	1626	0.43	1626
2013	5	4231	1778	1778	0.42	1778
2014	5	3172	2163	2163	0.48	2163
2015	5	2656	2091	2091	0.47	2091
2016	5	1984	2091	2091	0.5	2091
2017	5	8927	1689	1689	0.53	1689
2018	5	4087	2055	2055	0.5	2055
1961	6	403	4287	4287	0.82	4287
1962	6	495	4191	4191	0.82	4191
1963	6	415	4568	4568	0.82	4568
1964	6	617	4255	4255	0.82	4255
1965	6	965	4096	4096	0.82	4096
1966	6	1686	3658	3658	0.82	3658
1967	6	792	3572	3572	0.82	3572
1968	6	1095	3120	3120	0.82	3120
1969	6	1414	2853	2853	0.82	2853
1970	6	1478	2853	2853	0.82	2853
1971	6	1005	2978	2978	0.82	2978
1972	6	2742	2829	2829	0.82	2829
1973	6	3478	2700	2700	0.82	2700
1974	6	2784	2824	2824	0.82	2824
1975	6	1939	3621	3621	0.82	3621
1976	6	1250	3291	3291	0.82	3291
1977	6	1288	3790	3790	0.82	3790
1978	6	548	3746	3746	0.82	3746
1979	6	1033	3400	3400	0.82	3400
1980	6	673	4280	4280	0.82	4280
1981	6	932	3810	3810	0.82	3810
1982	6	1114	3577	3577	0.82	3577
1983	6	1343	4143	4143	0.84	4143
1984	6	4093	3850	3850	0.85	3850
1985	6	1182	3596	3596	0.86	3596
1986	6	3730	3277	3277	0.87	3277
1987	6	2785	3182	3182	0.86	3182
1988	6	2784	2937	2937	0.86	2937
1989	6	7136	2373	2373	0.85	2373
1990	6	9219	2052	2052	0.82	2052
1991	6	5544	2211	2211	0.82	2211
1992	6	2679	2554	2554	0.81	2554
1993	6	1665	3131	3131	0.79	3131
1994	6	2368	2936	2936	0.78	2936
1995	6	1836	2895	2895	0.79	2895
1996	6	1449	3229	3229	0.77	3229
1997	6	1767	2778	2778	0.77	2778
1998	6	3475	2405	2405	0.73	2405
1999	6	2551	2396	2396	0.71	2396
2000	6	4369	2360	2360	0.72	2360
2001	6	2155	2586	2586	0.72	2586
2002	6	9786	1969	1969	0.68	1969
2003	6	3994	1977	1977	0.67	1977
2004	6	8762	1789	1789	0.62	1789
2005	6	16606	1672	1672	0.59	1672
2006	6	7892	1790	1790	0.58	1790
2007	6	6640	1824	1824	0.57	1824
2008	6	9731	1816	1816	0.59	1816
2009	6	1893	2411	2411	0.61	2411
2010	6	1165	2551	2551	0.63	2551
2011	6	1830	2918	2918	0.64	2918
2012	6	1257	2709	2709	0.65	2709
2013	6	2249	2069	2069	0.64	2069
2014	6	1696	2868	2868	0.69	2868
2015	6	1988	3170	3170	0.7	3170
2016	6	1924	2613	2613	0.73	2613
2017	6	1074	3083	3083	0.75	3083
2018	6	3603	2452	2452	0.74	2452
1961	7	216	5128	5128	0.91	5128
1962	7	286	5146	5146	0.91	5146
1963	7	406	5056	5056	0.91	5056
1964	7	572	5038	5038	0.91	5038
1965	7	510	4878	4878	0.91	4878
1966	7	806	4585	4585	0.91	4585
1967	7	1192	4368	4368	0.91	4368
1968	7	548	4049	4049	0.91	4049
1969	7	1118	3673	3673	0.91	3673
1970	7	899	3515	3515	0.91	3515
1971	7	828	3702	3702	0.91	3702
1972	7	1529	3791	3791	0.91	3791
1973	7	1634	4426	4426	0.91	4426
1974	7	1401	3524	3524	0.91	3524
1975	7	1045	4128	4128	0.91	4128
1976	7	877	4579	4579	0.91	4579
1977	7	767	4239	4239	0.91	4239
1978	7	373	4913	4913	0.91	4913
1979	7	584	4180	4180	0.91	4180
1980	7	726	5160	5160	0.91	5160
1981	7	908	4750	4750	0.91	4750
1982	7	380	4927	4927	0.91	4927
1983	7	575	4724	4724	0.92	4724
1984	7	875	5177	5177	0.93	5177
1985	7	1898	5336	5336	0.93	5336
1986	7	953	4186	4186	0.94	4186
1987	7	990	4067	4067	0.95	4067
1988	7	1300	3798	3798	0.95	3798
1989	7	793	3810	3810	0.94	3810
1990	7	5070	2866	2866	0.92	2866
1991	7	3487	2648	2648	0.91	2648
1992	7	1373	3057	3057	0.91	3057
1993	7	858	3730	3730	0.91	3730
1994	7	746	4214	4214	0.9	4214
1995	7	1177	3651	3651	0.91	3651
1996	7	1156	3744	3744	0.9	3744
1997	7	1335	3598	3598	0.89	3598
1998	7	1379	3300	3300	0.88	3300
1999	7	4113	2845	2845	0.86	2845
2000	7	2226	2977	2977	0.87	2977
2001	7	3680	3059	3059	0.87	3059
2002	7	862	3130	3130	0.84	3130
2003	7	4287	2532	2532	0.82	2532
2004	7	2125	2560	2560	0.79	2560
2005	7	7099	2087	2087	0.77	2087
2006	7	10537	2035	2035	0.75	2035
2007	7	3878	2361	2361	0.74	2361
2008	7	3733	2395	2395	0.75	2395
2009	7	5310	2601	2601	0.77	2601
2010	7	1045	3172	3172	0.79	3172
2011	7	484	3609	3609	0.8	3609
2012	7	905	3785	3785	0.81	3785
2013	7	512	3553	3553	0.83	3553
2014	7	873	3325	3325	0.86	3325
2015	7	889	4208	4208	0.88	4208
2016	7	723	3980	3980	0.91	3980
2017	7	555	3977	3977	0.91	3977
2018	7	372	3950	3950	0.89	3950
1961	8	129	6155	6155	0.98	6155
1962	8	131	5655	5655	0.98	5655
1963	8	202	5932	5932	0.98	5932
1964	8	424	5694	5694	0.98	5694
1965	8	407	5932	5932	0.98	5932
1966	8	377	5520	5520	0.98	5520
1967	8	473	5313	5313	0.98	5313
1968	8	655	5183	5183	0.98	5183
1969	8	589	5002	5002	0.98	5002
1970	8	730	4418	4418	0.98	4418
1971	8	469	4271	4271	0.98	4271
1972	8	1305	4175	4175	0.98	4175
1973	8	693	5264	5264	0.98	5264
1974	8	640	5197	5197	0.98	5197
1975	8	714	4754	4754	0.98	4754
1976	8	641	4648	4648	0.98	4648
1977	8	708	5597	5597	0.98	5597
1978	8	479	4368	4368	0.98	4368
1979	8	414	4950	4950	0.98	4950
1980	8	284	6420	6420	0.98	6420
1981	8	734	5250	5250	0.98	5250
1982	8	417	6243	6243	0.98	6243
1983	8	339	5901	5901	0.98	5901
1984	8	273	6347	6347	0.98	6347
1985	8	273	7202	7202	0.99	7202
1986	8	1077	5589	5589	0.99	5589
1987	8	532	5149	5149	0.99	5149
1988	8	621	4419	4419	0.98	4419
1989	8	546	4667	4667	0.97	4667
1990	8	477	4474	4474	0.97	4474
1991	8	1630	3380	3380	0.97	3380
1992	8	894	4078	4078	0.98	4078
1993	8	492	4394	4394	0.98	4394
1994	8	500	4971	4971	0.97	4971
1995	8	345	5064	5064	0.97	5064
1996	8	521	4964	4964	0.97	4964
1997	8	624	4766	4766	0.97	4766
1998	8	683	4220	4220	0.98	4220
1999	8	915	4124	4124	0.99	4124
2000	8	2725	3480	3480	0.98	3480
2001	8	1539	3871	3871	0.98	3871
2002	8	1280	3589	3589	0.96	3589
2003	8	417	3970	3970	0.96	3970
2004	8	1807	3159	3159	0.94	3159
2005	8	843	2975	2975	0.92	2975
2006	8	3848	2436	2436	0.91	2436
2007	8	4405	2682	2682	0.9	2682
2008	8	2309	2902	2902	0.9	2902
2009	8	2065	3147	3147	0.9	3147
2010	8	2172	3411	3411	0.91	3411
2011	8	538	4204	4204	0.91	4204
2012	8	305	4448	4448	0.91	4448
2013	8	210	4292	4292	0.91	4292
2014	8	333	5903	5903	0.94	5903
2015	8	292	5032	5032	0.94	5032
2016	8	293	4927	4927	0.96	4927
2017	8	462	5920	5920	0.97	5920
2018	8	202	4879	4879	0.97	4879
1961	9	116	7060	7060	1	7060
1962	9	129	6469	6469	1	6469
1963	9	174	6259	6259	1	6259
1964	9	179	6662	6662	1	6662
1965	9	306	6321	6321	1	6321
1966	9	294	6837	6837	1	6837
1967	9	217	5812	5812	1	5812
1968	9	254	6238	6238	1	6238
1969	9	580	5714	5714	1	5714
1970	9	316	5444	5444	1	5444
1971	9	326	5388	5388	1	5388
1972	9	1017	4808	4808	1	4808
1973	9	550	6156	6156	1	6156
1974	9	368	6279	6279	1	6279
1975	9	302	5952	5952	1	5952
1976	9	468	5116	5116	1	5116
1977	9	498	5350	5350	1	5350
1978	9	466	5276	5276	1	5276
1979	9	247	5690	5690	1	5690
1980	9	212	6870	6870	1	6870
1981	9	343	5950	5950	1	5950
1982	9	296	7232	7232	1	7232
1983	9	273	6811	6811	1	6811
1984	9	161	7825	7825	1	7825
1985	9	103	6966	6966	1	6966
1986	9	245	6050	6050	1	6050
1987	9	333	5501	5501	1	5501
1988	9	363	5115	5115	1	5115
1989	9	185	5509	5509	1	5509
1990	9	123	5424	5424	1	5424
1991	9	405	4816	4816	1	4816
1992	9	613	5012	5012	1	5012
1993	9	448	5209	5209	1	5209
1994	9	307	5657	5657	1	5657
1995	9	241	5440	5440	1	5440
1996	9	132	6375	6375	1	6375
1997	9	165	5982	5982	1	5982
1998	9	368	4999	4999	1	4999
1999	9	380	5256	5256	0.99	5256
2000	9	348	4851	4851	0.99	4851
2001	9	1334	4374	4374	0.99	4374
2002	9	465	4513	4513	0.98	4513
2003	9	419	4834	4834	0.98	4834
2004	9	265	4154	4154	0.98	4154
2005	9	810	3790	3790	0.98	3790
2006	9	655	3861	3861	0.97	3861
2007	9	1578	3278	3278	0.97	3278
2008	9	2127	3100	3100	0.97	3100
2009	9	1743	3634	3634	0.98	3634
2010	9	1292	3972	3972	0.98	3972
2011	9	714	4531	4531	0.98	4531
2012	9	308	4799	4799	0.98	4799
2013	9	122	5191	5191	0.97	5191
2014	9	100	5899	5899	0.97	5899
2015	9	185	6715	6715	0.98	6715
2016	9	113	5876	5876	0.98	5876
2017	9	121	6415	6415	0.99	6415
2018	9	91	6138	6138	0.99	6138
1961	10	82	7265	7265	1	7265
1962	10	113	6706	6706	1	6706
1963	10	158	8000	8000	1	8000
1964	10	150	6837	6837	1	6837
1965	10	201	7288	7288	1	7288
1966	10	205	7265	7265	1	7265
1967	10	190	6554	6554	1	6554
1968	10	128	7520	7520	1	7520
1969	10	239	6405	6405	1	6405
1970	10	241	5733	5733	1	5733
1971	10	164	5972	5972	1	5972
1972	10	743	5294	5294	1	5294
1973	10	403	6334	6334	1	6334
1974	10	340	6454	6454	1	6454
1975	10	192	7073	7073	1	7073
1976	10	223	6314	6314	1	6314
1977	10	338	5912	5912	1	5912
1978	10	473	5832	5832	1	5832
1979	10	473	6380	6380	1	6380
1980	10	171	7090	7090	1	7090
1981	10	192	6430	6430	1	6430
1982	10	105	7239	7239	1	7239
1983	10	98	7051	7051	1	7051
1984	10	52	6746	6746	1	6746
1985	10	38	9862	9862	1	9862
1986	10	104	6150	6150	1	6150
1987	10	81	6626	6626	1	6626
1988	10	159	6712	6712	1	6712
1989	10	83	5972	5972	1	5972
1990	10	61	6469	6469	1	6469
1991	10	238	5516	5516	1	5516
1992	10	123	6768	6768	1	6768
1993	10	245	6540	6540	1	6540
1994	10	303	5950	5950	1	5950
1995	10	192	6167	6167	1	6167
1996	10	77	6745	6745	1	6745
1997	10	71	7658	7658	1	7658
1998	10	77	6391	6391	1	6391
1999	10	147	5526	5526	1	5526
2000	10	186	5268	5268	1	5268
2001	10	293	5565	5565	1	5565
2002	10	362	5138	5138	1	5138
2003	10	304	5499	5499	1	5499
2004	10	293	5167	5167	1	5167
2005	10	32	6087	6087	1	6087
2006	10	289	4222	4222	1	4222
2007	10	416	4104	4104	1	4104
2008	10	461	3728	3728	1	3728
2009	10	1099	4024	4024	1	4024
2010	10	861	4352	4352	1	4352
2011	10	529	5087	5087	1	5087
2012	10	401	5207	5207	1	5207
2013	10	97	5742	5742	1	5742
2014	10	93	6877	6877	1	6877
2015	10	89	7858	7858	1	7858
2016	10	67	7426	7426	1	7426
2017	10	25	6833	6833	1	6833
2018	10	41	7481	7481	1	7481
1961	11	45	7497	7497	1	7497
1962	11	71	7150	7150	1	7150
1963	11	94	7265	7265	1	7265
1964	11	100	7686	7686	1	7686
1965	11	156	8074	8074	1	8074
1966	11	156	7662	7662	1	7662
1967	11	97	7806	7806	1	7806
1968	11	89	8049	8049	1	8049
1969	11	115	6554	6554	1	6554
1970	11	86	6662	6662	1	6662
1971	11	100	6490	6490	1	6490
1972	11	330	6948	6948	1	6948
1973	11	215	8076	8076	1	8076
1974	11	197	7070	7070	1	7070
1975	11	193	8352	8352	1	8352
1976	11	141	7069	7069	1	7069
1977	11	272	6837	6837	1	6837
1978	11	407	6053	6053	1	6053
1979	11	368	7020	7020	1	7020
1980	11	196	7930	7930	1	7930
1981	11	92	7000	7000	1	7000
1982	11	88	8346	8346	1	8346
1983	11	98	7248	7248	1	7248
1984	11	65	8636	8636	1	8636
1985	11	26	10670	10670	1	10670
1986	11	67	9536	9536	1	9536
1987	11	43	6343	6343	1	6343
1988	11	27	9040	9040	1	9040
1989	11	55	6939	6939	1	6939
1990	11	60	6343	6343	1	6343
1991	11	128	6407	6407	1	6407
1992	11	63	7754	7754	1	7754
1993	11	54	8403	8403	1	8403
1994	11	150	6891	6891	1	6891
1995	11	104	7080	7080	1	7080
1996	11	64	7466	7466	1	7466
1997	11	29	7882	7882	1	7882
1998	11	32	6665	6665	1	6665
1999	11	24	6956	6956	1	6956
2000	11	56	6523	6523	1	6523
2001	11	90	6703	6703	1	6703
2002	11	33	6422	6422	1	6422
2003	11	91	6099	6099	1	6099
2004	11	146	6015	6015	1	6015
2005	11	102	6134	6134	1	6134
2006	11	33	5149	5149	1	5149
2007	11	83	4998	4998	1	4998
2008	11	165	4769	4769	1	4769
2009	11	300	5014	5014	1	5014
2010	11	389	5083	5083	1	5083
2011	11	446	5416	5416	1	5416
2012	11	230	5562	5562	1	5562
2013	11	146	5919	5919	1	5919
2014	11	71	6784	6784	1	6784
2015	11	71	7428	7428	1	7428
2016	11	93	6967	6967	1	6967
2017	11	1	8192	8192	1	8192
2018	11	22	8217	8217	1	8217
1961	12	27	8198	8198	1	8198
1962	12	29	7903	7903	1	7903
1963	12	169	8551	8551	1	8551
1964	12	83	8348	8348	1	8348
1965	12	120	7878	7878	1	7878
1966	12	94	8123	8123	1	8123
1967	12	75	7591	7591	1	7591
1968	12	59	8654	8654	1	8654
1969	12	100	7591	7591	1	7591
1970	12	48	7310	7310	1	7310
1971	12	54	7173	7173	1	7173
1972	12	133	6727	6727	1	6727
1973	12	103	8777	8777	1	8777
1974	12	124	7773	7773	1	7773
1975	12	126	9032	9032	1	9032
1976	12	96	7069	7069	1	7069
1977	12	129	6727	6727	1	6727
1978	12	211	6706	6706	1	6706
1979	12	206	7260	7260	1	7260
1980	12	156	8070	8070	1	8070
1981	12	128	7470	7470	1	7470
1982	12	56	8345	8345	1	8345
1983	12	99	8292	8292	1	8292
1984	12	59	8467	8467	1	8467
1985	12	72	10460	10460	1	10460
1986	12	33	9823	9823	1	9823
1987	12	5	10245	10245	1	10245
1988	12	43	9364	9364	1	9364
1989	12	10	8543	8543	1	8543
1990	12	18	8418	8418	1	8418
1991	12	77	7395	7395	1	7395
1992	12	37	8303	8303	1	8303
1993	12	34	7275	7275	1	7275
1994	12	28	8752	8752	1	8752
1995	12	73	7736	7736	1	7736
1996	12	45	7284	7284	1	7284
1997	12	48	8539	8539	1	8539
1998	12	28	8214	8214	1	8214
1999	12	27	8030	8030	1	8030
2000	12	18	4727	4727	1	4727
2001	12	24	5776	5776	1	5776
2002	12	36	8026	8026	1	8026
2003	12	40	6987	6987	1	6987
2004	12	100	6186	6186	1	6186
2005	12	27	6651	6651	1	6651
2006	12	12	6437	6437	1	6437
2007	12	11	6331	6331	1	6331
2008	12	12	6072	6072	1	6072
2009	12	42	5828	5828	1	5828
2010	12	53	4941	4941	1	4941
2011	12	140	6087	6087	1	6087
2012	12	137	6018	6018	1	6018
2013	12	85	6417	6417	1	6417
2014	12	55	7467	7467	1	7467
2015	12	34	7565	7565	1	7565
2016	12	9	8153	8153	1	8153
2017	12	10	9013	9013	1	9013
2018	12	4	7567	7567	1	7567
1961	13	6	9154	9154	1	9154
1962	13	13	8449	8449	1	8449
1963	13	61	9020	9020	1	9020
1964	13	47	8123	8123	1	8123
1965	13	89	9479	9479	1	9479
1966	13	52	10210	10210	1	10210
1967	13	38	8551	8551	1	8551
1968	13	40	8298	8298	1	8298
1969	13	36	7951	7951	1	7951
1970	13	46	9047	9047	1	9047
1971	13	13	7380	7380	1	7380
1972	13	28	7591	7591	1	7591
1973	13	25	9782	9782	1	9782
1974	13	45	8763	8763	1	8763
1975	13	64	9984	9984	1	9984
1976	13	60	7808	7808	1	7808
1977	13	80	6948	6948	1	6948
1978	13	146	7686	7686	1	7686
1979	13	136	8150	8150	1	8150
1980	13	261	8590	8590	1	8590
1981	13	176	8140	8140	1	8140
1982	13	49	8956	8956	1	8956
1983	13	25	9478	9478	1	9478
1984	13	18	8556	8556	1	8556
1985	13	41	10202	10202	1	10202
1986	13	56	7303	7303	1	7303
1987	13	11	8491	8491	1	8491
1988	13	15	9142	9142	1	9142
1989	13	2	9514	9514	1	9514
1990	13	19	7383	7383	1	7383
1991	13	22	8079	8079	1	8079
1992	13	52	7786	7786	1	7786
1993	13	10	9414	9414	1	9414
1994	13	19	9752	9752	1	9752
1995	13	25	7295	7295	1	7295
1996	13	29	8470	8470	1	8470
1997	13	29	9488	9488	1	9488
1998	13	24	8485	8485	1	8485
1999	13	5	8349	8349	1	8349
2000	13	2	8807	8807	1	8807
2001	13	19	7745	7745	1	7745
2002	13	8	4759	4759	1	4759
2003	13	3	5961	5961	1	5961
2004	13	10	7056	7056	1	7056
2005	13	3	7424	7424	1	7424
2006	13	12	6905	6905	1	6905
2007	13	9	7844	7844	1	7844
2008	13	6	6451	6451	1	6451
2009	13	3	6308	6308	1	6308
2010	13	23	5305	5305	1	5305
2011	13	34	6763	6763	1	6763
2012	13	91	7143	7143	1	7143
2013	13	39	7941	7941	1	7941
2014	13	16	7121	7121	1	7121
2015	13	32	7629	7629	1	7629
2016	13	19	7890	7890	1	7890
2017	13	17	8314	8314	1	8314
2018	13	12	7924	7924	1	7924
1961	14	1	9600	9600	1	9600
1962	14	16	8654	8654	1	8654
1963	14	8	9000	9000	1	9000
1964	14	30	9154	9154	1	9154
1965	14	30	9617	9617	1	9617
1966	14	34	9728	9728	1	9728
1967	14	11	7878	7878	1	7878
1968	14	29	9234	9234	1	9234
1969	14	30	8373	8373	1	8373
1970	14	15	9073	9073	1	9073
1971	14	18	9288	9288	1	9288
1972	14	28	9315	9315	1	9315
1973	14	21	9546	9546	1	9546
1974	14	44	10279	10279	1	10279
1975	14	41	10225	10225	1	10225
1976	14	54	8337	8337	1	8337
1977	14	57	8424	8424	1	8424
1978	14	95	7219	7219	1	7219
1979	14	98	8640	8640	1	8640
1980	14	133	9790	9790	1	9790
1981	14	310	8550	8550	1	8550
1982	14	110	9584	9584	1	9584
1983	14	127	10893	10893	1	10893
1984	14	25	11127	11127	1	11127
1985	14	8	9644	9644	1	9644
1986	14	7	11869	11869	1	11869
1987	14	15	11634	11634	1	11634
1988	14	1	10346	10346	1	10346
1989	14	11	11730	11730	1	11730
1990	14	9	5822	5822	1	5822
1991	14	8	7187	7187	1	7187
1992	14	8	9575	9575	1	9575
1993	14	6	9281	9281	1	9281
1994	14	1	8629	8629	1	8629
1995	14	14	5885	5885	1	5885
1996	14	1	10001	10001	1	10001
1997	14	15	10355	10355	1	10355
1998	14	14	8668	8668	1	8668
1999	14	23	8083	8083	1	8083
2000	14	3	8002	8002	1	8002
2001	14	13	7773	7773	1	7773
2002	14	1	11357	11357	1	11357
2003	14	0	9044	9044	1	9044
2004	14	2	9391	9391	1	9391
2005	14	0	9113	9113	1	9113
2006	14	5	5365	5365	1	5365
2007	14	3	7971	7971	1	7971
2008	14	0	7960	7960	1	7960
2009	14	1	9011	9011	1	9011
2010	14	0	9011	9011	1	9011
2011	14	4	7916	7916	1	7916
2012	14	21	6247	6247	1	6247
2013	14	33	7154	7154	1	7154
2014	14	1	11310	11310	1	11310
2015	14	9	9870	9870	1	9870
2016	14	1	7360	7360	1	7360
2017	14	2	9036	9036	1	9036
2018	14	5	8179	8179	1	8179
1961	15	48	10000	10000	1	10000
1962	15	47	10000	10000	1	10000
1963	15	36	10000	10000	1	10000
1964	15	14	10000	10000	1	10000
1965	15	46	10000	10000	1	10000
1966	15	45	10000	10000	1	10000
1967	15	16	10000	10000	1	10000
1968	15	59	10000	10000	1	10000
1969	15	24	10000	10000	1	10000
1970	15	23	10000	10000	1	10000
1971	15	15	10000	10000	1	10000
1972	15	21	10000	10000	1	10000
1973	15	37	12006	12006	1	12006
1974	15	52	11296	11296	1	11296
1975	15	67	11607	11607	1	11607
1976	15	77	10680	10680	1	10680
1977	15	64	10000	10000	1	10000
1978	15	83	10000	10000	1	10000
1979	15	251	10000	10000	1	10000
1980	15	236	10340	10340	1	10340
1981	15	407	10100	10100	1	10100
1982	15	687	10330	10330	1	10330
1983	15	289	10340	10340	1	10340
1984	15	151	10748	10748	1	10748
1985	15	154	13232	13232	1	13232
1986	15	62	12875	12875	1	12875
1987	15	66	10220	10220	1	10220
1988	15	1	10086	10086	1	10086
1989	15	16	9627	9627	1	9627
1990	15	33	9408	9408	1	9408
1991	15	11	9756	9756	1	9756
1992	15	11	9102	9102	1	9102
1993	15	2	10715	10715	1	10715
1994	15	1	7349	7349	1	7349
1995	15	5	10518	10518	1	10518
1996	15	7	10143	10143	1	10143
1997	15	8	10523	10523	1	10523
1998	15	7	9200	9200	1	9200
1999	15	14	10262	10262	1	10262
2000	15	2	10427	10427	1	10427
2001	15	0	10000	10000	1	10000
2002	15	0	10000	10000	1	10000
2003	15	0	10000	10000	1	10000
2004	15	0	10000	10000	1	10000
2005	15	0	10000	10000	1	10000
2006	15	0	10000	10000	1	10000
2007	15	0	10000	10000	1	10000
2008	15	0	10000	10000	1	10000
2009	15	0	10000	10000	1	10000
2010	15	0	10000	10000	1	10000
2011	15	0	10000	10000	1	10000
2012	15	0	10000	10000	1	10000
2013	15	3	6963	6963	1	6963
2014	15	0	10000	10000	1	10000
2015	15	6	8613	8613	1	8613
2016	15	1	8233	8233	1	8233
2017	15	1	8545	8545	1	8545
2018	15	3	8090	8090	1	8090
