#year	age	cno	cwt	swt	mat	ssbwts
1980	1	-1	-1	51	0	-1
1980	2	-1	-1	288	0	-1
1980	3	275	1428	767	0	1428
1980	4	2540	1983	1339	0.083	1983
1980	5	5214	2667	2026	0.188	2667
1980	6	2596	3689	2866	0.372	3689
1980	7	2169	5409	3941	0.603	5409
1980	8	1341	6321	5148	0.796	6321
1980	9	387	7213	6192	0.909	7213
1980	10	262	8565	7791	1	8565
1980	11	155	9147	9645	1	9147
1980	12	112	9617	11263	1	9617
1980	13	64	10066	12616	1	10066
1980	14	33	11041	13749	1	11041
1981	1	-1	-1	51	0	-1
1981	2	-1	-1	288	0	-1
1981	3	203	1585	767	0	1585
1981	4	1325	2037	1339	0.083	2037
1981	5	3503	2696	2026	0.188	2696
1981	6	5404	3525	2866	0.372	3525
1981	7	1457	4541	3941	0.603	4541
1981	8	1415	6247	5148	0.796	6247
1981	9	578	6991	6192	0.909	6991
1981	10	242	8202	7791	1	8202
1981	11	61	9537	9645	1	9537
1981	12	154	9089	11263	1	9089
1981	13	135	9351	12616	1	9351
1981	14	128	10225	13749	1	10225
1982	1	-1	-1	51	0	-1
1982	2	-1	-1	288	0	-1
1982	3	508	1547	767	0	1547
1982	4	1092	2194	1339	0.083	2194
1982	5	2804	3015	2026	0.188	3015
1982	6	4845	3183	2866	0.372	3183
1982	7	4293	5114	3941	0.603	5114
1982	8	1215	6202	5148	0.796	6202
1982	9	975	7256	6192	0.909	7256
1982	10	306	7922	7791	1	7922
1982	11	59	8924	9645	1	8924
1982	12	35	10134	11263	1	10134
1982	13	48	9447	12616	1	9447
1982	14	46	10535	13749	1	10535
1983	1	-1	-1	51	0	-1
1983	2	-1	-1	288	0	-1
1983	3	107	1530	767	0	1530
1983	4	1750	2221	1339	0.083	2221
1983	5	1065	3171	2026	0.188	3171
1983	6	2455	4270	2866	0.372	4270
1983	7	4454	4107	3941	0.603	4107
1983	8	2311	5984	5148	0.796	5984
1983	9	501	7565	6192	0.909	7565
1983	10	251	8673	7791	1	8673
1983	11	38	8801	9645	1	8801
1983	12	12	9039	11263	1	9039
1983	13	2	11138	12616	1	11138
1983	14	4	9818	13749	1	9818
1984	1	-1	-1	51	0	-1
1984	2	-1	-1	288	0	-1
1984	3	53	1653	767	0	1653
1984	4	657	2432	1339	0.083	2432
1984	5	800	3330	2026	0.188	3330
1984	6	1825	4681	2866	0.372	4681
1984	7	2184	5466	3941	0.603	5466
1984	8	3610	4973	5148	0.796	4973
1984	9	844	7407	6192	0.909	7407
1984	10	376	8179	7791	1	8179
1984	11	291	8770	9645	1	8770
1984	12	135	8831	11263	1	8831
1984	13	185	11010	12616	1	11010
1984	14	226	11127	13749	1	11127
1985	1	-1	-1	51	0	-1
1985	2	-1	-1	267	0	-1
1985	3	376	1609	962	0	1609
1985	4	4014	2172	1677	0.083	2172
1985	5	3366	3169	2148	0.188	3169
1985	6	1958	3922	3127	0.372	3922
1985	7	1536	4697	4062	0.603	4697
1985	8	1172	6411	5145	0.796	6411
1985	9	747	6492	6192	0.909	6492
1985	10	479	8346	7791	1	8346
1985	11	74	9401	9645	1	9401
1985	12	23	10335	11263	1	10335
1985	13	72	11027	12616	1	11027
1985	14	71	10644	13749	1	10644
1986	1	-1	-1	51	0	-1
1986	2	-1	-1	249	0	-1
1986	3	3108	1450	841	0	1450
1986	4	1400	2190	1409	0.074	2190
1986	5	4170	2959	2269	0.171	2959
1986	6	2665	4402	3308	0.345	4402
1986	7	1550	5488	4741	0.575	5488
1986	8	1116	6406	5969	0.776	6406
1986	9	628	7570	6192	0.899	7570
1986	10	1549	6487	7791	1	6487
1986	11	216	9616	9645	1	9616
1986	12	51	10462	11263	1	10462
1986	13	30	11747	12616	1	11747
1986	14	14	11902	13749	1	11902
1987	1	-1	-1	51	0	-1
1987	2	-1	-1	188	0	-1
1987	3	956	1516	868	0	1516
1987	4	5135	1715	1157	0.067	1715
1987	5	4428	2670	1726	0.156	2670
1987	6	5409	3839	3416	0.321	3839
1987	7	2915	5081	4228	0.548	5081
1987	8	1348	6185	5999	0.757	6185
1987	9	661	7330	6192	0.888	7330
1987	10	496	8025	7791	1	8025
1987	11	498	7974	9645	1	7974
1987	12	58	9615	11263	1	9615
1987	13	27	12246	12616	1	12246
1987	14	48	11656	13749	1	11656
1988	1	-1	-1	51	0	-1
1988	2	-1	-1	216	0	-1
1988	3	1318	1261	779	0	1261
1988	4	5067	2017	1433	0.061	2017
1988	5	6619	2513	2012	0.143	2513
1988	6	3678	3476	2782	0.3	3476
1988	7	2859	4719	4324	0.523	4719
1988	8	1775	5932	5359	0.738	5932
1988	9	845	7523	6192	0.878	7523
1988	10	226	8439	7791	1	8439
1988	11	270	8748	9645	1	8748
1988	12	107	9559	11263	1	9559
1988	13	24	10824	12616	1	10824
1988	14	1	14099	13749	1	14099
1989	1	-1	-1	51	0	-1
1989	2	-1	-1	242	0	-1
1989	3	315	1403	644	0	1403
1989	4	4313	2021	1401	0.057	2021
1989	5	8471	2194	1787	0.133	2194
1989	6	7309	3047	2807	0.283	3047
1989	7	1794	4505	3680	0.503	4505
1989	8	1928	5889	5060	0.722	5889
1989	9	848	7172	6192	0.869	7172
1989	10	270	8852	7791	1	8852
1989	11	191	10170	9645	1	10170
1989	12	135	10392	11263	1	10392
1989	13	76	12522	12616	1	12522
1989	14	10	11923	13749	1	11923
1990	1	-1	-1	51	0	-1
1990	2	-1	-1	257	0	-1
1990	3	143	1647	743	0	1647
1990	4	1692	1983	1256	0.054	1983
1990	5	5471	2566	2136	0.127	2566
1990	6	10112	3021	2610	0.271	3021
1990	7	6174	4077	4417	0.488	4077
1990	8	1816	5744	5984	0.71	5744
1990	9	1087	7038	6192	0.863	7038
1990	10	380	7564	7791	1	7564
1990	11	151	8854	9645	1	8854
1990	12	55	10645	11263	1	10645
1990	13	76	11674	12616	1	11674
1990	14	37	11431	13749	1	11431
1991	1	-1	-1	51	0	-1
1991	2	-1	-1	340	0	-1
1991	3	198	1224	792	0	1224
1991	4	874	1939	1360	0.052	1939
1991	5	3613	2432	1866	0.123	2432
1991	6	6844	3160	2661	0.265	3160
1991	7	10772	3634	2937	0.481	3634
1991	8	3223	4967	4726	0.704	4967
1991	9	858	6629	6192	0.859	6629
1991	10	838	7704	7791	1	7704
1991	11	228	9061	9645	1	9061
1991	12	40	9117	11263	1	9117
1991	13	6	10922	12616	1	10922
1991	14	5	11342	13749	1	11342
1992	1	-1	-1	51	0	-1
1992	2	-1	-1	340	0	-1
1992	3	242	1269	879	0	1269
1992	4	2928	1909	1386	0.052	1909
1992	5	3844	2578	2008	0.123	2578
1992	6	4355	3288	2971	0.265	3288
1992	7	3884	4150	3807	0.481	4150
1992	8	4046	4865	4267	0.704	4865
1992	9	1290	6168	6192	0.859	6168
1992	10	350	7926	7791	1	7926
1992	11	196	8349	9645	1	8349
1992	12	56	9029	11263	1	9029
1992	13	54	11574	12616	1	11574
1992	14	15	9466	13749	1	9466
1993	1	-1	-1	51	0	-1
1993	2	-1	-1	319	0	-1
1993	3	657	1381	763	0	1381
1993	4	1083	2143	1462	0.054	2143
1993	5	2841	2742	2061	0.127	2742
1993	6	2252	3636	2938	0.272	3636
1993	7	2247	4398	3746	0.489	4398
1993	8	2314	5421	4842	0.711	5421
1993	9	3671	5319	6192	0.863	5319
1993	10	830	7006	7791	1	7006
1993	11	223	8070	9645	1	8070
1993	12	188	10048	11263	1	10048
1993	13	81	9106	12616	1	9106
1993	14	12	11591	13749	1	11591
1994	1	-1	-1	51	0	-1
1994	2	-1	-1	227	0	-1
1994	3	702	1444	853	0	1444
1994	4	2955	1836	1607	0.057	1836
1994	5	1770	2649	2770	0.135	2649
1994	6	2603	3512	3387	0.286	3512
1994	7	1377	4906	4720	0.507	4906
1994	8	1243	5539	6196	0.725	5539
1994	9	1263	6818	6192	0.871	6818
1994	10	2009	6374	7791	1	6374
1994	11	454	8341	9645	1	8341
1994	12	158	9770	11263	1	9770
1994	13	188	10528	12616	1	10528
1994	14	82	11257	13749	1	11257
1995	1	-1	-1	51	0	-1
1995	2	-1	-1	360	0	-1
1995	3	1573	1370	742	0	1370
1995	4	1853	1977	1230	0.064	1977
1995	5	2661	2769	2324	0.148	2769
1995	6	1807	3722	3642	0.309	3722
1995	7	2370	4621	4271	0.534	4621
1995	8	905	5854	6121	0.746	5854
1995	9	574	6416	6192	0.883	6416
1995	10	482	7356	7791	1	7356
1995	11	521	6815	9645	1	6815
1995	12	106	8312	11263	1	8312
1995	13	35	9119	12616	1	9119
1995	14	13	11910	13749	1	11910
1996	1	-1	-1	51	0	-1
1996	2	-1	-1	265	0	-1
1996	3	1102	1229	899	0	1229
1996	4	2608	1755	1327	0.073	1755
1996	5	1868	2670	1972	0.168	2670
1996	6	1649	3802	2740	0.341	3802
1996	7	835	4902	5260	0.57	4902
1996	8	1233	5681	5102	0.773	5681
1996	9	385	7182	6192	0.897	7182
1996	10	267	7734	7791	1	7734
1996	11	210	9256	9645	1	9256
1996	12	232	8322	11263	1	8322
1996	13	141	10501	12616	1	10501
1996	14	74	11894	13749	1	11894
1997	1	-1	-1	51	0	-1
1997	2	-1	-1	394	0	-1
1997	3	603	1325	740	0	1325
1997	4	2960	1936	1303	0.087	1936
1997	5	2766	2409	1780	0.196	2409
1997	6	1651	3906	2732	0.385	3906
1997	7	1178	5032	4228	0.616	5032
1997	8	599	6171	5749	0.804	6171
1997	9	454	7202	6192	0.913	7202
1997	10	125	7883	7791	1	7883
1997	11	95	8856	9645	1	8856
1997	12	114	9649	11263	1	9649
1997	13	77	9621	12616	1	9621
1997	14	43	10877	13749	1	10877
1998	1	-1	-1	51	0	-1
1998	2	-1	-1	369	0	-1
1998	3	183	1347	841	0	1347
1998	4	1289	1972	1155	0.105	1972
1998	5	1767	2943	1799	0.231	2943
1998	6	1545	3419	2530	0.435	3419
1998	7	1114	4850	3932	0.664	4850
1998	8	658	5962	5374	0.835	5962
1998	9	351	6933	6192	0.928	6933
1998	10	265	7781	7791	1	7781
1998	11	120	8695	9645	1	8695
1998	12	81	9564	11263	1	9564
1998	13	85	10164	12616	1	10164
1998	14	85	10379	13749	1	10379
1999	1	-1	-1	51	0	-1
1999	2	-1	-1	280	0	-1
1999	3	989	1279	774	0	1279
1999	4	732	2106	1465	0.126	2106
1999	5	1564	2752	2131	0.27	2752
1999	6	2176	3497	2872	0.486	3497
1999	7	1934	3831	3546	0.708	3831
1999	8	669	5819	5522	0.862	5819
1999	9	324	7072	6192	0.941	7072
1999	10	140	8078	7791	1	8078
1999	11	72	8865	9645	1	8865
1999	12	25	10550	11263	1	10550
1999	13	28	10823	12616	1	10823
1999	14	22	11300	13749	1	11300
2000	1	-1	-1	51	0	-1
2000	2	-1	-1	335	0	-1
2000	3	850	1367	821	0	1367
2000	4	2383	1929	1352	0.147	1929
2000	5	896	2751	2227	0.307	2751
2000	6	1511	3274	2712	0.532	3274
2000	7	1612	4171	3614	0.744	4171
2000	8	1806	4447	3871	0.882	4447
2000	9	335	6790	6192	0.95	6790
2000	10	173	8216	7791	1	8216
2000	11	57	9369	9645	1	9369
2000	12	33	9817	11263	1	9817
2000	13	17	10932	12616	1	10932
2000	14	7	12204	13749	1	12204
2001	1	-1	-1	51	0	-1
2001	2	-1	-1	351	0	-1
2001	3	1223	1280	767	0	1280
2001	4	2619	1882	1517	0.165	1882
2001	5	2184	2599	2124	0.336	2599
2001	6	591	3697	3391	0.565	3697
2001	7	977	4420	4222	0.769	4420
2001	8	943	5538	5128	0.895	5538
2001	9	819	5639	6192	0.956	5639
2001	10	186	7985	7791	1	7985
2001	11	94	9059	9645	1	9059
2001	12	28	9942	11263	1	9942
2001	13	28	10632	12616	1	10632
2001	14	13	10988	13749	1	10988
2002	1	-1	-1	51	0	-1
2002	2	-1	-1	226	0	-1
2002	3	1187	1308	739	0	1308
2002	4	4190	1946	1264	0.174	1946
2002	5	3147	2569	2196	0.351	2569
2002	6	2970	3266	3366	0.581	3266
2002	7	519	4872	4589	0.78	4872
2002	8	820	5365	5382	0.901	5365
2002	9	570	6830	6192	0.959	6830
2002	10	309	7067	7791	1	7067
2002	11	101	9240	9645	1	9240
2002	12	27	9659	11263	1	9659
2002	13	15	10088	12616	1	10088
2002	14	11	11632	13749	1	11632
2003	1	-1	-1	51	0	-1
2003	2	-1	-1	260	0	-1
2003	3	2284	1310	603	0	1310
2003	4	4363	1908	1183	0.173	1908
2003	5	6031	2545	1888	0.35	2545
2003	6	2472	3336	2678	0.58	3336
2003	7	1942	4069	3675	0.779	4069
2003	8	285	5792	5303	0.901	5792
2003	9	438	7156	6192	0.959	7156
2003	10	289	8131	7791	1	8131
2003	11	196	8051	9645	1	8051
2003	12	28	10186	11263	1	10186
2003	13	29	10948	12616	1	10948
2003	14	15	11780	13749	1	11780
2004	1	-1	-1	51	0	-1
2004	2	-1	-1	294	0	-1
2004	3	952	1467	822	0	1467
2004	4	7841	1847	1219	0.165	1847
2004	5	7195	2181	1808	0.337	2181
2004	6	5363	2918	2690	0.566	2918
2004	7	1563	4017	4074	0.77	4017
2004	8	1057	5135	5440	0.895	5135
2004	9	211	7125	6192	0.956	7125
2004	10	224	7732	7791	1	7732
2004	11	157	8420	9645	1	8420
2004	12	74	8927	11263	1	8927
2004	13	39	10420	12616	1	10420
2004	14	11	10622	13749	1	10622
2005	1	-1	-1	51	0	-1
2005	2	-1	-1	316	0	-1
2005	3	2607	1287	671	0	1287
2005	4	3089	1888	1376	0.154	1888
2005	5	7333	2307	1833	0.318	2307
2005	6	6876	2619	2341	0.544	2619
2005	7	3592	3516	3469	0.754	3516
2005	8	978	5080	5518	0.887	5080
2005	9	642	6060	6192	0.953	6060
2005	10	119	8052	7791	1	8052
2005	11	149	8292	9645	1	8292
2005	12	89	8342	11263	1	8342
2005	13	46	8567	12616	1	8567
2005	14	12	10256	13749	1	10256
2006	1	-1	-1	51	0	-1
2006	2	-1	-1	290	0	-1
2006	3	1380	1164	650	0	1164
2006	4	10051	1722	1170	0.142	1722
2006	5	2616	2369	2035	0.297	2369
2006	6	5840	2808	2537	0.52	2808
2006	7	4514	3235	3120	0.735	3235
2006	8	1989	4361	4088	0.877	4361
2006	9	667	6007	6192	0.948	6007
2006	10	485	7166	7791	1	7166
2006	11	118	8459	9645	1	8459
2006	12	112	9324	11263	1	9324
2006	13	86	9902	12616	1	9902
2006	14	31	9636	13749	1	9636
2007	1	-1	-1	51	0	-1
2007	2	-1	-1	286	0	-1
2007	3	1244	1140	601	0	1140
2007	4	6552	1578	1155	0.131	1578
2007	5	8751	2122	1755	0.28	2122
2007	6	2124	2719	2480	0.499	2719
2007	7	2935	3495	3250	0.718	3495
2007	8	1817	4114	3590	0.867	4114
2007	9	964	5402	6192	0.944	5402
2007	10	395	6995	7791	1	6995
2007	11	190	7792	9645	1	7792
2007	12	43	9331	11263	1	9331
2007	13	36	9970	12616	1	9970
2007	14	20	10738	13749	1	10738
2008	1	-1	-1	51	0	-1
2008	2	-1	-1	275	0	-1
2008	3	1432	1306	692	0	1306
2008	4	3602	1805	1206	0.125	1805
2008	5	5874	2295	1795	0.268	2295
2008	6	6706	2749	2322	0.484	2749
2008	7	1155	3515	3585	0.706	3515
2008	8	1894	4530	4516	0.86	4530
2008	9	1248	5132	6192	0.941	5132
2008	10	803	6394	7791	1	6394
2008	11	262	7694	9645	1	7694
2008	12	176	9170	11263	1	9170
2008	13	87	9594	12616	1	9594
2008	14	44	11258	13749	1	11258
2009	1	-1	-1	51	0	-1
2009	2	-1	-1	275	0	-1
2009	3	2820	1412	689	0	1412
2009	4	5166	1862	1427	0.121	1862
2009	5	2084	2561	2042	0.261	2561
2009	6	2734	3023	2563	0.475	3023
2009	7	2883	3676	3255	0.699	3676
2009	8	777	4596	4956	0.856	4596
2009	9	1101	5651	6192	0.938	5651
2009	10	847	6074	7791	1	6074
2009	11	555	7356	9645	1	7356
2009	12	203	8608	11263	1	8608
2009	13	134	9812	12616	1	9812
2009	14	36	10639	13749	1	10639
2010	1	-1	-1	51	0	-1
2010	2	-1	-1	275	0	-1
2010	3	2146	1287	777	0	1287
2010	4	6284	1787	1307	0.119	1787
2010	5	3058	2579	2183	0.257	2579
2010	6	997	3469	2921	0.47	3469
2010	7	1644	4135	3705	0.694	4135
2010	8	1571	4850	4645	0.853	4850
2010	9	514	5558	6192	0.937	5558
2010	10	656	6289	7791	1	6289
2010	11	522	6750	9645	1	6750
2010	12	231	7997	11263	1	7997
2010	13	114	9429	12616	1	9429
2010	14	64	10481	13749	1	10481
2011	1	-1	-1	51	0	-1
2011	2	-1	-1	286	0	-1
2011	3	2004	1175	609	0	1175
2011	4	4850	1801	1211	0.117	1801
2011	5	4006	2526	2200	0.253	2526
2011	6	1502	3680	3077	0.465	3680
2011	7	677	4613	3855	0.691	4613
2011	8	1065	5367	4788	0.851	5367
2011	9	1145	5685	5693	0.936	5685
2011	10	323	6466	7115	1	6466
2011	11	433	6851	8003	1	6851
2011	12	244	7039	10768	1	7039
2011	13	150	8268	9843	1	8268
2011	14	75	8958	11568	1	8958
2012	1	-1	-1	51	0	-1
2012	2	-1	-1	286	0	-1
2012	3	1183	1160	699	0	1160
2012	4	4816	1668	1063	0.115	1668
2012	5	3514	2369	1718	0.25	2369
2012	6	2417	3347	2731	0.46	3347
2012	7	903	4430	4173	0.686	4430
2012	8	432	5486	5469	0.849	5486
2012	9	883	6161	6779	0.935	6161
2012	10	1015	6448	7451	1	6448
2012	11	354	7220	9549	1	7220
2012	12	277	8054	9801	1	8054
2012	13	173	8147	11115	1	8147
2012	14	99	8901	13761	1	8901
2013	1	-1	-1	25	0	-1
2013	2	-1	-1	290	0	-1
2013	3	1163	1056	470	0	1056
2013	4	5538	1675	1108	0.112	1675
2013	5	6366	2219	1904	0.244	2219
2013	6	2963	3244	3073	0.452	3244
2013	7	1610	4529	3911	0.679	4529
2013	8	664	5628	4890	0.844	5628
2013	9	375	6397	6331	0.933	6397
2013	10	537	7055	7675	1	7055
2013	11	460	7378	8897	1	7378
2013	12	124	7955	11662	1	7955
2013	13	118	8400	11210	1	8400
2013	14	78	8870	12628	1	8870
2014	1	-1	-1	111	0	-1
2014	2	-1	-1	213	0	-1
2014	3	668	1211	667	0	1211
2014	4	3499	1575	1066	0.107	1575
2014	5	4867	2229	1844	0.234	2229
2014	6	2805	2983	2764	0.44	2983
2014	7	1276	4378	3777	0.668	4378
2014	8	725	5598	5314	0.838	5598
2014	9	347	6773	7491	0.93	6773
2014	10	241	8023	9303	1	8023
2014	11	312	7875	9420	1	7875
2014	12	199	8646	8376	1	8646
2014	13	128	9179	9448	1	9179
2014	14	74	9749	14596	1	9749
2015	1	-1	-1	37	0	-1
2015	2	-1	-1	260	0	-1
2015	3	781	1072	641	0	1072
2015	4	2712	1639	1247	0.1	1639
2015	5	6461	2141	1798	0.222	2141
2015	6	2917	3122	2847	0.423	3122
2015	7	1509	4262	4161	0.653	4262
2015	8	694	5555	5697	0.828	5555
2015	9	589	6633	7299	0.925	6633
2015	10	249	7697	9636	1	7697
2015	11	133	8269	9610	1	8269
2015	12	143	8811	10916	1	8811
2015	13	135	8805	12748	1	8805
2015	14	69	8632	11194	1	8632
2016	1	-1	-1	35	0	-1
2016	2	-1	-1	233	0	-1
2016	3	1588	1105	602	0	1105
2016	4	6230	1468	981	0.093	1468
2016	5	2653	2260	1868	0.209	2260
2016	6	2838	3071	2767	0.403	3071
2016	7	1648	4127	4098	0.634	4127
2016	8	1059	5272	5896	0.816	5272
2016	9	526	6379	6963	0.919	6379
2016	10	337	7247	8270	1	7247
2016	11	148	8566	9962	1	8566
2016	12	131	9037	13559	1	9037
2016	13	194	9078	11501	1	9078
2016	14	139	8752	12376	1	8752
2017	1	-1	-1	44	0	-1
2017	2	-1	-1	235	0	-1
2017	3	750	1282	637	0	1282
2017	4	3333	1674	1152	0.086	1674
2017	5	7542	2199	1705	0.194	2199
2017	6	1806	3255	2857	0.382	3255
2017	7	1449	4314	3839	0.613	4314
2017	8	813	5718	5441	0.802	5718
2017	9	648	6361	6654	0.912	6361
2017	10	229	7630	8315	1	7630
2017	11	127	8590	9203	1	8590
2017	12	82	9098	11911	1	9098
2017	13	66	9222	12161	1	9222
2017	14	89	9380	11605	1	9380
