#year	age	fj
1985	1	0.03
1985	2	0.59
1985	3	0.56
1985	4	3.1
1985	5	5.31
1985	6	1.8
1985	7	1.09
1985	8	0.51
1985	9	1.4
1985	10	0.15
1985	11	0.08
1985	12	0.08
1985	13	0.07
1985	14	0.07
1986	1	0.02
1986	2	2.3
1986	3	2.46
1986	4	2.15
1986	5	2.2
1986	6	1.49
1986	7	0.65
1986	8	0.3
1986	9	0.19
1986	10	0.33
1986	11	0.09
1986	12	0.07
1986	13	0.03
1986	14	0
1987	1	0.1
1987	2	0.38
1987	3	11.84
1987	4	13.22
1987	5	6.61
1987	6	4.08
1987	7	3.18
1987	8	0.82
1987	9	0.37
1987	10	0.27
1987	11	0.34
1987	12	0.05
1987	13	0.01
1987	14	0.03
1988	1	0.61
1988	2	0.31
1988	3	0.47
1988	4	2.74
1988	5	2.85
1988	6	1.75
1988	7	0.98
1988	8	0.41
1988	9	0.07
1988	10	0.08
1988	11	0.1
1988	12	0.05
1988	13	0
1988	14	0
1989	1	0.2
1989	2	1.42
1989	3	3.95
1989	4	5.09
1989	5	6.65
1989	6	2.53
1989	7	1.81
1989	8	0.92
1989	9	0.4
1989	10	0
1989	11	0.02
1989	12	0
1989	13	0.04
1989	14	0
1990	1	0.01
1990	2	0.34
1990	3	1.71
1990	4	4.96
1990	5	6.42
1990	6	12.51
1990	7	3.37
1990	8	1.23
1990	9	0.65
1990	10	0.12
1990	11	0.06
1990	12	0.02
1990	13	0.01
1990	14	0.03
1991	1	0.01
1991	2	0.22
1991	3	1.38
1991	4	1.7
1991	5	2.18
1991	6	1.12
1991	7	2.49
1991	8	0.31
1991	9	0.02
1991	10	0.03
1991	11	0
1991	12	0.01
1991	13	0
1991	14	0.01
1992	1	0.01
1992	2	0.14
1992	3	0.91
1992	4	5.88
1992	5	5.65
1992	6	2.84
1992	7	2.72
1992	8	1.94
1992	9	0.28
1992	10	0.06
1992	11	0.06
1992	12	0.02
1992	13	0
1992	14	0
1993	1	0
1993	2	1.27
1993	3	11.03
1993	4	1.89
1993	5	6.59
1993	6	2.34
1993	7	2.19
1993	8	1.02
1993	9	3.94
1993	10	0.66
1993	11	0.05
1993	12	0
1993	13	0.02
1993	14	0
1994	1	0.04
1994	2	0.81
1994	3	0.74
1994	4	1.93
1994	5	1.78
1994	6	2
1994	7	0.53
1994	8	0.81
1994	9	0.94
1994	10	3.48
1994	11	0.38
1994	12	0.16
1994	13	0
1994	14	0.04
1995	1	0.05
1995	2	0.49
1995	3	1.98
1995	4	1.12
1995	5	0.52
1995	6	0.29
1995	7	0.34
1995	8	0.1
1995	9	0.15
1995	10	0.15
1995	11	0.34
1995	12	0.02
1995	13	0
1995	14	0
1996	1	0.03
1996	2	0.13
1996	3	0.49
1996	4	3.78
1996	5	1.16
1996	6	1.03
1996	7	0.59
1996	8	0.98
1996	9	0.06
1996	10	0.09
1996	11	0.11
1996	12	0.26
1996	13	0.02
1996	14	0
1997	1	0.23
1997	2	0.32
1997	3	0.91
1997	4	4.73
1997	5	3.98
1997	6	0.95
1997	7	0.4
1997	8	0.16
1997	9	0.1
1997	10	0.05
1997	11	0.02
1997	12	0.02
1997	13	0.02
1997	14	0
1998	1	0.01
1998	2	0.13
1998	3	1.66
1998	4	2.36
1998	5	2.55
1998	6	1.27
1998	7	0.72
1998	8	0.3
1998	9	0.09
1998	10	0.07
1998	11	0.04
1998	12	0.03
1998	13	0.04
1998	14	0.03
1999	1	0.57
1999	2	0.73
1999	3	3.74
1999	4	0.94
1999	5	1.27
1999	6	1.7
1999	7	0.59
1999	8	0.16
1999	9	0.02
1999	10	0.02
1999	11	0.02
1999	12	0
1999	13	0
1999	14	0.02
2000	1	0
2000	2	0.38
2000	3	2.01
2000	4	2.55
2000	5	0.61
2000	6	0.86
2000	7	0.54
2000	8	0.45
2000	9	0.08
2000	10	0.03
2000	11	0.01
2000	12	0
2000	13	0.01
2000	14	0.01
2001	1	0
2001	2	0.92
2001	3	2.06
2001	4	2.73
2001	5	1.68
2001	6	0.22
2001	7	0.23
2001	8	0.39
2001	9	0.14
2001	10	0.07
2001	11	0.04
2001	12	0.01
2001	13	0
2001	14	0
2002	1	0.02
2002	2	1.02
2002	3	2.23
2002	4	3.01
2002	5	3.11
2002	6	2.19
2002	7	0.42
2002	8	0.47
2002	9	0.32
2002	10	0.22
2002	11	0.02
2002	12	0.03
2002	13	0
2002	14	0
2003	1	0.01
2003	2	0.05
2003	3	9.79
2003	4	5.14
2003	5	2.98
2003	6	1.37
2003	7	0.78
2003	8	0.21
2003	9	0.05
2003	10	0.1
2003	11	0.02
2003	12	0.03
2003	13	0
2003	14	0
2004	1	0.01
2004	2	0.9
2004	3	1.39
2004	4	9.6
2004	5	6.27
2004	6	4.52
2004	7	1.52
2004	8	0.84
2004	9	0.17
2004	10	0.17
2004	11	0.12
2004	12	0.06
2004	13	0.02
2004	14	0
2005	1	0
2005	2	0.25
2005	3	4.29
2005	4	2.41
2005	5	7.5
2005	6	4.72
2005	7	2.36
2005	8	0.88
2005	9	0.45
2005	10	0.13
2005	11	0.05
2005	12	0.08
2005	13	0.03
2005	14	0
2006	1	0.01
2006	2	0
2006	3	2.19
2006	4	6.76
2006	5	1.98
2006	6	8.85
2006	7	3.5
2006	8	1.21
2006	9	0.29
2006	10	0.25
2006	11	0.03
2006	12	0.04
2006	13	0.04
2006	14	0
2007	1	0
2007	2	0.06
2007	3	0.31
2007	4	1.75
2007	5	3.27
2007	6	0.82
2007	7	1.64
2007	8	0.71
2007	9	0.29
2007	10	0.16
2007	11	0.11
2007	12	0.08
2007	13	0.02
2007	14	0
2008	1	0.01
2008	2	0.08
2008	3	2.26
2008	4	1.81
2008	5	2.88
2008	6	4.05
2008	7	0.62
2008	8	0.79
2008	9	0.34
2008	10	0.15
2008	11	0.09
2008	12	0.12
2008	13	0.03
2008	14	0.02
2009	1	0.01
2009	2	0.21
2009	3	2.45
2009	4	1.85
2009	5	0.69
2009	6	0.91
2009	7	0.84
2009	8	0.12
2009	9	0.26
2009	10	0.15
2009	11	0.03
2009	12	0.04
2009	13	0
2009	14	0.02
2010	1	0
2010	2	0.07
2010	3	1.24
2010	4	5.07
2010	5	2.55
2010	6	0.64
2010	7	0.61
2010	8	0.47
2010	9	0.07
2010	10	0.12
2010	11	0.06
2010	12	0.07
2010	13	0.06
2010	14	0.02
2011	1	0
2011	2	0.15
2011	3	3.84
2011	4	4.24
2011	5	3.1
2011	6	1.17
2011	7	0.41
2011	8	0.39
2011	9	0.44
2011	10	0.17
2011	11	0.1
2011	12	0.09
2011	13	0.06
2011	14	0.05
2012	1	0.02
2012	2	0.02
2012	3	1.77
2012	4	12.01
2012	5	6.75
2012	6	2.76
2012	7	0.63
2012	8	0.17
2012	9	0.38
2012	10	0.5
2012	11	0.13
2012	12	0.12
2012	13	0.05
2012	14	0.06
2013	1	0.01
2013	2	0.11
2013	3	4.28
2013	4	7.57
2013	5	6.85
2013	6	4.67
2013	7	2.58
2013	8	1.12
2013	9	0.3
2013	10	0.43
2013	11	0.35
2013	12	0.2
2013	13	0.13
2013	14	0.01
2014	1	0.01
2014	2	0.03
2014	3	0.39
2014	4	3.89
2014	5	3.74
2014	6	2.02
2014	7	0.87
2014	8	0.42
2014	9	0.15
2014	10	0.11
2014	11	0.17
2014	12	0.18
2014	13	0.07
2014	14	0.08
2015	1	0.06
2015	2	0.04
2015	3	1.08
2015	4	1.93
2015	5	3.22
2015	6	1.73
2015	7	0.82
2015	8	0.72
2015	9	0.66
2015	10	0.43
2015	11	0.25
2015	12	0.22
2015	13	0.17
2015	14	0.14
2016	1	0.02
2016	2	0.05
2016	3	3.17
2016	4	16.21
2016	5	2.75
2016	6	2.27
2016	7	1.08
2016	8	0.53
2016	9	0.44
2016	10	0.28
2016	11	0.13
2016	12	0.18
2016	13	0.16
2016	14	0.1
2017	1	0.01
2017	2	0.02
2017	3	1.48
2017	4	6.67
2017	5	14.64
2017	6	3.03
2017	7	1.68
2017	8	0.87
2017	9	0.45
2017	10	0.3
2017	11	0.23
2017	12	0.1
2017	13	0.07
2017	14	0.06
2018	1	0.01
2018	2	0.03
2018	3	0.5
2018	4	17.92
2018	5	10.5
2018	6	15.28
2018	7	1.51
2018	8	0.84
2018	9	0.43
2018	10	0.32
2018	11	0.24
2018	12	0.2
2018	13	0.09
2018	14	0.03
